%Time	C1(z) (1), Point: 4	yr1, Point: 4	C2(z) (1), Point: 4	yr2, Point: 4
0	0.45028	0.75	-0.41477	0.75
0.01	0.42824	0.74999	-0.36961	0.7499
0.02	0.40667	0.74995	-0.32467	0.7496
0.03	0.38589	0.74989	-0.28179	0.7491
0.04	0.36654	0.7498	-0.24161	0.7484
0.05	0.34899	0.74969	-0.20438	0.7475
0.06	0.33333	0.74955	-0.17005	0.7464
0.07	0.31959	0.74939	-0.13847	0.74511
0.08	0.30765	0.7492	-0.10946	0.74361
0.09	0.2974	0.74899	-0.0828	0.74192
0.1	0.28869	0.74875	-0.05832	0.74003
0.11	0.2814	0.74849	-0.03582	0.73795
0.12	0.27541	0.7482	-0.01515	0.73567
0.13	0.27057	0.74789	0.00384	0.73319
0.14	0.26679	0.74755	0.02128	0.73053
0.15	0.26396	0.74719	0.0373	0.72767
0.16	0.26197	0.74681	0.05201	0.72462
0.17	0.26075	0.7464	0.0655	0.72138
0.18	0.2602	0.74596	0.07787	0.71795
0.19	0.26026	0.7455	0.0892	0.71433
0.2	0.26086	0.74502	0.09956	0.71053
0.21	0.26194	0.74451	0.10902	0.70654
0.22	0.26344	0.74397	0.11764	0.70238
0.23	0.26532	0.74342	0.12547	0.69803
0.24	0.26753	0.74283	0.13256	0.6935
0.25	0.27003	0.74223	0.13897	0.68879
0.26	0.27278	0.7416	0.14473	0.68391
0.27	0.27574	0.74094	0.14988	0.67885
0.28	0.2789	0.74026	0.15445	0.67363
0.29	0.28222	0.73956	0.15848	0.66823
0.3	0.28567	0.73883	0.162	0.66267
0.31	0.28924	0.73808	0.16504	0.65694
0.32	0.2929	0.73731	0.16761	0.65105
0.33	0.29664	0.73651	0.16975	0.645
0.34	0.30044	0.73569	0.17147	0.63879
0.35	0.30428	0.73484	0.17279	0.63242
0.36	0.30816	0.73397	0.17374	0.6259
0.37	0.31205	0.73308	0.17432	0.61923
0.38	0.31596	0.73217	0.17456	0.61242
0.39	0.31986	0.73123	0.17447	0.60546
0.4	0.32376	0.73027	0.17406	0.59835
0.41	0.32764	0.72928	0.17334	0.59111
0.42	0.3315	0.72827	0.17234	0.58373
0.43	0.33532	0.72724	0.17105	0.57622
0.44	0.33912	0.72619	0.16949	0.56858
0.45	0.34287	0.72511	0.16767	0.5608
0.46	0.34658	0.72401	0.1656	0.55291
0.47	0.35024	0.72289	0.16329	0.54489
0.48	0.35385	0.72175	0.16075	0.53676
0.49	0.3574	0.72058	0.15798	0.52851
0.5	0.3609	0.7194	0.155	0.52015
0.51	0.36434	0.71819	0.1518	0.51168
0.52	0.36772	0.71695	0.14841	0.50311
0.53	0.37104	0.7157	0.14481	0.49444
0.54	0.37429	0.71443	0.14104	0.48566
0.55	0.37748	0.71313	0.13708	0.4768
0.56	0.3806	0.71181	0.13294	0.46784
0.57	0.38366	0.71048	0.12864	0.4588
0.58	0.38665	0.70912	0.12417	0.44967
0.59	0.38957	0.70774	0.11955	0.44046
0.6	0.39242	0.70633	0.11478	0.43118
0.61	0.3952	0.70491	0.10986	0.42182
0.62	0.39792	0.70347	0.10481	0.4124
0.63	0.40056	0.70201	0.09962	0.40291
0.64	0.40314	0.70052	0.0943	0.39336
0.65	0.40565	0.69902	0.08886	0.38375
0.66	0.40809	0.6975	0.0833	0.37409
0.67	0.41046	0.69596	0.07764	0.36438
0.68	0.41276	0.69439	0.07186	0.35462
0.69	0.415	0.69281	0.06598	0.34482
0.7	0.41716	0.69121	0.06001	0.33498
0.71	0.41926	0.68959	0.05395	0.32511
0.72	0.4213	0.68795	0.0478	0.31521
0.73	0.42327	0.68629	0.04157	0.30528
0.74	0.42517	0.68462	0.03527	0.29534
0.75	0.42701	0.68292	0.02889	0.28537
0.76	0.42878	0.68121	0.02245	0.27539
0.77	0.43049	0.67948	0.01595	0.2654
0.78	0.43214	0.67773	0.00939	0.2554
0.79	0.43372	0.67596	0.00278	0.2454
0.8	0.43524	0.67418	-0.00387	0.2354
0.81	0.4367	0.67237	-0.01057	0.22541
0.82	0.4381	0.67056	-0.0173	0.21543
0.83	0.43944	0.66872	-0.02407	0.20546
0.84	0.44072	0.66687	-0.03086	0.19551
0.85	0.44194	0.665	-0.03767	0.18558
0.86	0.44311	0.66311	-0.04451	0.17567
0.87	0.44421	0.66121	-0.05135	0.1658
0.88	0.44526	0.65929	-0.05821	0.15596
0.89	0.44625	0.65735	-0.06507	0.14616
0.9	0.44719	0.6554	-0.07192	0.1364
0.91	0.44808	0.65344	-0.07878	0.12668
0.92	0.44891	0.65146	-0.08562	0.11702
0.93	0.44968	0.64946	-0.09245	0.10741
0.94	0.45041	0.64745	-0.09926	0.09785
0.95	0.45108	0.64542	-0.10605	0.08836
0.96	0.4517	0.64338	-0.11281	0.07893
0.97	0.45227	0.64132	-0.11954	0.06956
0.98	0.45279	0.63926	-0.12624	0.06027
0.99	0.45327	0.63717	-0.13289	0.05106
1	0.45369	0.63508	-0.1395	0.04193
1.01	0.45406	0.63297	-0.14606	0.03288
1.02	0.45439	0.63084	-0.15257	0.02391
1.03	0.45467	0.6287	-0.15902	0.01504
1.04	0.45491	0.62656	-0.16541	0.00626
1.05	0.4551	0.62439	-0.17174	-0.00242
1.06	0.45525	0.62222	-0.178	-0.011
1.07	0.45535	0.62003	-0.18419	-0.01948
1.08	0.45541	0.61783	-0.1903	-0.02785
1.09	0.45542	0.61562	-0.19632	-0.03611
1.1	0.4554	0.6134	-0.20227	-0.04425
1.11	0.45533	0.61117	-0.20813	-0.05228
1.12	0.45522	0.60892	-0.2139	-0.06018
1.13	0.45507	0.60666	-0.21957	-0.06796
1.14	0.45488	0.6044	-0.22514	-0.07561
1.15	0.45466	0.60212	-0.23062	-0.08314
1.16	0.45439	0.59983	-0.23598	-0.09053
1.17	0.45409	0.59754	-0.24124	-0.09778
1.18	0.45375	0.59523	-0.24639	-0.1049
1.19	0.45337	0.59291	-0.25142	-0.11187
1.2	0.45296	0.59059	-0.25634	-0.1187
1.21	0.45251	0.58825	-0.26113	-0.12538
1.22	0.45203	0.58591	-0.2658	-0.13191
1.23	0.45152	0.58356	-0.27034	-0.13829
1.24	0.45097	0.5812	-0.27475	-0.14451
1.25	0.45038	0.57883	-0.27903	-0.15057
1.26	0.44977	0.57645	-0.28317	-0.15648
1.27	0.44912	0.57407	-0.28717	-0.16222
1.28	0.44844	0.57168	-0.29104	-0.16779
1.29	0.44773	0.56928	-0.29476	-0.1732
1.3	0.447	0.56687	-0.29833	-0.17844
1.31	0.44623	0.56446	-0.30175	-0.18351
1.32	0.44543	0.56204	-0.30503	-0.18841
1.33	0.4446	0.55962	-0.30815	-0.19313
1.34	0.44375	0.55719	-0.31111	-0.19767
1.35	0.44287	0.55475	-0.31392	-0.20204
1.36	0.44196	0.55231	-0.31657	-0.20622
1.37	0.44103	0.54986	-0.31906	-0.21022
1.38	0.44007	0.54741	-0.32138	-0.21404
1.39	0.43908	0.54495	-0.32354	-0.21767
1.4	0.43807	0.54249	-0.32553	-0.22111
1.41	0.43704	0.54003	-0.32735	-0.22437
1.42	0.43598	0.53756	-0.32901	-0.22743
1.43	0.4349	0.53508	-0.33049	-0.23031
1.44	0.4338	0.53261	-0.3318	-0.23299
1.45	0.43267	0.53013	-0.33293	-0.23548
1.46	0.43153	0.52764	-0.33389	-0.23777
1.47	0.43036	0.52516	-0.33467	-0.23987
1.48	0.42917	0.52267	-0.33528	-0.24178
1.49	0.42796	0.52018	-0.3357	-0.24349
1.5	0.42673	0.51768	-0.33595	-0.245
1.51	0.42549	0.51519	-0.33601	-0.24631
1.52	0.42422	0.51269	-0.33589	-0.24742
1.53	0.42294	0.5102	-0.3356	-0.24834
1.54	0.42163	0.5077	-0.33512	-0.24905
1.55	0.42032	0.5052	-0.33445	-0.24957
1.56	0.41898	0.5027	-0.3336	-0.24988
1.57	0.41763	0.5002	-0.33257	-0.25
1.58	0.41626	0.4977	-0.33135	-0.24992
1.59	0.41488	0.4952	-0.32995	-0.24963
1.6	0.41348	0.4927	-0.32837	-0.24915
1.61	0.41207	0.4902	-0.3266	-0.24846
1.62	0.41064	0.4877	-0.32464	-0.24758
1.63	0.4092	0.48521	-0.3225	-0.2465
1.64	0.40775	0.48271	-0.32018	-0.24522
1.65	0.40628	0.48022	-0.31767	-0.24374
1.66	0.40481	0.47773	-0.31499	-0.24206
1.67	0.40332	0.47524	-0.31211	-0.24019
1.68	0.40182	0.47275	-0.30906	-0.23812
1.69	0.40031	0.47027	-0.30582	-0.23586
1.7	0.39879	0.46779	-0.3024	-0.2334
1.71	0.39726	0.46531	-0.2988	-0.23075
1.72	0.39571	0.46284	-0.29502	-0.2279
1.73	0.39417	0.46037	-0.29106	-0.22487
1.74	0.39261	0.4579	-0.28693	-0.22164
1.75	0.39104	0.45544	-0.28262	-0.21823
1.76	0.38947	0.45298	-0.27813	-0.21463
1.77	0.38788	0.45053	-0.27347	-0.21084
1.78	0.3863	0.44808	-0.26864	-0.20687
1.79	0.3847	0.44564	-0.26363	-0.20271
1.8	0.3831	0.4432	-0.25846	-0.19838
1.81	0.38149	0.44077	-0.25312	-0.19386
1.82	0.37988	0.43834	-0.24761	-0.18917
1.83	0.37826	0.43592	-0.24194	-0.1843
1.84	0.37664	0.43351	-0.23611	-0.17926
1.85	0.37502	0.4311	-0.23011	-0.17405
1.86	0.37339	0.4287	-0.22396	-0.16867
1.87	0.37175	0.42631	-0.21765	-0.16312
1.88	0.37012	0.42392	-0.21119	-0.1574
1.89	0.36848	0.42155	-0.20457	-0.15152
1.9	0.36684	0.41918	-0.19781	-0.14548
1.91	0.36519	0.41682	-0.19089	-0.13929
1.92	0.36355	0.41446	-0.18383	-0.13293
1.93	0.3619	0.41212	-0.17663	-0.12643
1.94	0.36026	0.40978	-0.16928	-0.11977
1.95	0.35861	0.40745	-0.1618	-0.11297
1.96	0.35696	0.40514	-0.15418	-0.10602
1.97	0.35531	0.40283	-0.14643	-0.09892
1.98	0.35367	0.40053	-0.13854	-0.09169
1.99	0.35202	0.39824	-0.13053	-0.08432
2	0.35038	0.39596	-0.12239	-0.07682
2.01	0.34874	0.3937	-0.11413	-0.06919
2.02	0.3471	0.39144	-0.10576	-0.06143
2.03	0.34546	0.38919	-0.09726	-0.05354
2.04	0.34382	0.38696	-0.08865	-0.04554
2.05	0.34219	0.38473	-0.07994	-0.03741
2.06	0.34056	0.38252	-0.07111	-0.02917
2.07	0.33894	0.38032	-0.06219	-0.02082
2.08	0.33731	0.37813	-0.05316	-0.01236
2.09	0.3357	0.37595	-0.04403	-0.0038
2.1	0.33409	0.37379	-0.03481	0.00487
2.11	0.33248	0.37164	-0.02551	0.01363
2.12	0.33088	0.3695	-0.01611	0.02249
2.13	0.32928	0.36737	-0.00663	0.03144
2.14	0.32769	0.36526	0.00293	0.04048
2.15	0.32611	0.36316	0.01256	0.0496
2.16	0.32453	0.36108	0.02227	0.0588
2.17	0.32296	0.359	0.03205	0.06808
2.18	0.3214	0.35695	0.0419	0.07743
2.19	0.31984	0.3549	0.0518	0.08685
2.2	0.3183	0.35287	0.06177	0.09633
2.21	0.31676	0.35086	0.07179	0.10588
2.22	0.31523	0.34886	0.08186	0.11548
2.23	0.3137	0.34688	0.09197	0.12514
2.24	0.31219	0.34491	0.10214	0.13485
2.25	0.31069	0.34296	0.11234	0.1446
2.26	0.30919	0.34102	0.12258	0.1544
2.27	0.30771	0.3391	0.13285	0.16423
2.28	0.30624	0.33719	0.14314	0.1741
2.29	0.30477	0.3353	0.15347	0.184
2.3	0.30332	0.33343	0.16381	0.19392
2.31	0.30187	0.33158	0.17417	0.20387
2.32	0.30044	0.32974	0.18454	0.21384
2.33	0.29902	0.32791	0.19493	0.22382
2.34	0.29761	0.32611	0.20531	0.23381
2.35	0.29622	0.32432	0.2157	0.24381
2.36	0.29483	0.32255	0.22609	0.25381
2.37	0.29346	0.3208	0.23646	0.2638
2.38	0.2921	0.31907	0.24683	0.2738
2.39	0.29076	0.31735	0.25718	0.28378
2.4	0.28943	0.31565	0.26752	0.29375
2.41	0.28811	0.31397	0.27783	0.3037
2.42	0.2868	0.31231	0.28812	0.31363
2.43	0.28551	0.31067	0.29837	0.32354
2.44	0.28423	0.30905	0.30859	0.33341
2.45	0.28297	0.30744	0.31878	0.34326
2.46	0.28172	0.30586	0.32892	0.35306
2.47	0.28049	0.30429	0.33901	0.36283
2.48	0.27927	0.30275	0.34906	0.37254
2.49	0.27806	0.30122	0.35905	0.38221
2.5	0.27688	0.29971	0.36899	0.39183
2.51	0.2757	0.29823	0.37886	0.40139
2.52	0.27455	0.29676	0.38867	0.41089
2.53	0.27341	0.29532	0.39841	0.42033
2.54	0.27228	0.29389	0.40808	0.42969
2.55	0.27117	0.29249	0.41767	0.43899
2.56	0.27008	0.2911	0.42719	0.44821
2.57	0.26901	0.28974	0.43662	0.45735
2.58	0.26795	0.2884	0.44596	0.46641
2.59	0.26691	0.28708	0.45521	0.47538
2.6	0.26589	0.28578	0.46437	0.48426
2.61	0.26488	0.2845	0.47343	0.49305
2.62	0.26389	0.28324	0.48239	0.50174
2.63	0.26292	0.28201	0.49124	0.51032
2.64	0.26197	0.2808	0.49999	0.51881
2.65	0.26104	0.2796	0.50863	0.52719
2.66	0.26013	0.27844	0.51715	0.53545
2.67	0.25923	0.27729	0.52555	0.54361
2.68	0.25835	0.27616	0.53384	0.55164
2.69	0.25749	0.27506	0.542	0.55956
2.7	0.25666	0.27398	0.55003	0.56735
2.71	0.25584	0.27292	0.55793	0.57501
2.72	0.25504	0.27189	0.5657	0.58254
2.73	0.25426	0.27088	0.57333	0.58994
2.74	0.2535	0.26989	0.58082	0.59721
2.75	0.25275	0.26892	0.58817	0.60433
2.76	0.25203	0.26798	0.59538	0.61132
2.77	0.25133	0.26706	0.60244	0.61816
2.78	0.25065	0.26617	0.60935	0.62485
2.79	0.24999	0.26529	0.6161	0.63139
2.8	0.24935	0.26444	0.6227	0.63778
2.81	0.24874	0.26362	0.62914	0.64402
2.82	0.24814	0.26282	0.63542	0.65009
2.83	0.24756	0.26204	0.64154	0.65601
2.84	0.24701	0.26128	0.6475	0.66177
2.85	0.24647	0.26055	0.65328	0.66736
2.86	0.24596	0.25985	0.6589	0.67278
2.87	0.24547	0.25916	0.66434	0.67803
2.88	0.24499	0.25851	0.66961	0.68312
2.89	0.24455	0.25787	0.67471	0.68803
2.9	0.24412	0.25726	0.67962	0.69276
2.91	0.24371	0.25667	0.68436	0.69732
2.92	0.24333	0.25611	0.68892	0.7017
2.93	0.24297	0.25558	0.69329	0.70589
2.94	0.24263	0.25506	0.69748	0.70991
2.95	0.24231	0.25457	0.70148	0.71374
2.96	0.24201	0.25411	0.70529	0.71738
2.97	0.24174	0.25367	0.70892	0.72084
2.98	0.24149	0.25326	0.71235	0.72411
2.99	0.24126	0.25287	0.71559	0.7272
3	0.24106	0.2525	0.71864	0.73009
3.01	0.24087	0.25216	0.72149	0.73278
3.02	0.24071	0.25185	0.72415	0.73529
3.03	0.24057	0.25156	0.72662	0.7376
3.04	0.24046	0.25129	0.72888	0.73971
3.05	0.24037	0.25105	0.73095	0.74163
3.06	0.2403	0.25083	0.73282	0.74336
3.07	0.24025	0.25064	0.73449	0.74488
3.08	0.24022	0.25047	0.73596	0.74621
3.09	0.24022	0.25033	0.73723	0.74734
3.1	0.24025	0.25022	0.7383	0.74827
3.11	0.24029	0.25012	0.73917	0.749
3.12	0.24036	0.25006	0.73983	0.74953
3.13	0.24045	0.25002	0.7403	0.74987
3.14	0.24057	0.25	0.74056	0.75
3.15	0.2407	0.25001	0.74062	0.74993
3.16	0.24087	0.25004	0.74048	0.74966
3.17	0.24105	0.2501	0.74014	0.74919
3.18	0.24126	0.25018	0.7396	0.74853
3.19	0.24149	0.25029	0.73885	0.74766
3.2	0.24174	0.25043	0.73791	0.74659
3.21	0.24202	0.25058	0.73676	0.74533
3.22	0.24232	0.25077	0.73542	0.74386
3.23	0.24264	0.25098	0.73387	0.7422
3.24	0.24299	0.25121	0.73213	0.74035
3.25	0.24336	0.25147	0.73019	0.73829
3.26	0.24376	0.25175	0.72805	0.73605
3.27	0.24417	0.25206	0.72571	0.7336
3.28	0.24461	0.25239	0.72319	0.73097
3.29	0.24508	0.25275	0.72047	0.72814
3.3	0.24557	0.25313	0.71755	0.72512
3.31	0.24608	0.25354	0.71445	0.72191
3.32	0.24661	0.25397	0.71115	0.71851
3.33	0.24717	0.25442	0.70767	0.71492
3.34	0.24775	0.2549	0.70399	0.71115
3.35	0.24835	0.25541	0.70013	0.70719
3.36	0.24898	0.25594	0.69608	0.70305
3.37	0.24962	0.25649	0.69186	0.69873
3.38	0.2503	0.25707	0.68745	0.69423
3.39	0.25099	0.25767	0.68287	0.68955
3.4	0.25171	0.2583	0.67811	0.6847
3.41	0.25245	0.25895	0.67317	0.67967
3.42	0.25322	0.25963	0.66807	0.67447
3.43	0.25401	0.26033	0.66279	0.6691
3.44	0.25482	0.26105	0.65734	0.66356
3.45	0.25565	0.2618	0.65173	0.65786
3.46	0.25651	0.26257	0.64595	0.652
3.47	0.25738	0.26336	0.64001	0.64597
3.48	0.25829	0.26418	0.63391	0.63979
3.49	0.25921	0.26502	0.62765	0.63345
3.5	0.26016	0.26589	0.62124	0.62695
3.51	0.26112	0.26677	0.61468	0.62031
3.52	0.26211	0.26769	0.60797	0.61351
3.53	0.26313	0.26862	0.60111	0.60658
3.54	0.26416	0.26958	0.59411	0.59949
3.55	0.26522	0.27056	0.58696	0.59227
3.56	0.2663	0.27157	0.57968	0.58492
3.57	0.2674	0.27259	0.57226	0.57742
3.58	0.26852	0.27364	0.56471	0.5698
3.59	0.26967	0.27472	0.55703	0.56205
3.6	0.27083	0.27581	0.54922	0.55418
3.61	0.27202	0.27693	0.54129	0.54618
3.62	0.27323	0.27807	0.53324	0.53806
3.63	0.27446	0.27923	0.52507	0.52983
3.64	0.27571	0.28041	0.5168	0.52149
3.65	0.27698	0.28162	0.50841	0.51304
3.66	0.27827	0.28285	0.49992	0.50448
3.67	0.27958	0.2841	0.49132	0.49582
3.68	0.28092	0.28537	0.48263	0.48707
3.69	0.28227	0.28666	0.47384	0.47822
3.7	0.28364	0.28797	0.46496	0.46927
3.71	0.28504	0.28931	0.45599	0.46024
3.72	0.28646	0.29067	0.44693	0.45113
3.73	0.28789	0.29204	0.4378	0.44193
3.74	0.28935	0.29344	0.42858	0.43266
3.75	0.29082	0.29486	0.41929	0.42332
3.76	0.29232	0.2963	0.40994	0.4139
3.77	0.29383	0.29776	0.40051	0.40442
3.78	0.29536	0.29924	0.39102	0.39488
3.79	0.29692	0.30074	0.38148	0.38528
3.8	0.29849	0.30226	0.37187	0.37563
3.81	0.30008	0.3038	0.36222	0.36593
3.82	0.30169	0.30536	0.35252	0.35618
3.83	0.30332	0.30694	0.34278	0.34638
3.84	0.30497	0.30853	0.333	0.33655
3.85	0.30664	0.31015	0.32318	0.32669
3.86	0.30832	0.31179	0.31333	0.31679
3.87	0.31002	0.31344	0.30346	0.30687
3.88	0.31174	0.31511	0.29356	0.29692
3.89	0.31348	0.31681	0.28364	0.28696
3.9	0.31524	0.31852	0.2737	0.27698
3.91	0.31701	0.32025	0.26375	0.26699
3.92	0.3188	0.32199	0.2538	0.25699
3.93	0.32061	0.32376	0.24384	0.24699
3.94	0.32244	0.32554	0.23389	0.23699
3.95	0.32428	0.32734	0.22394	0.227
3.96	0.32614	0.32915	0.21399	0.21701
3.97	0.32801	0.33099	0.20406	0.20704
3.98	0.3299	0.33284	0.19415	0.19709
3.99	0.33181	0.33471	0.18426	0.18716
4	0.33373	0.33659	0.17439	0.17725
4.01	0.33567	0.33849	0.16455	0.16737
4.02	0.33763	0.34041	0.15474	0.15753
4.03	0.3396	0.34234	0.14497	0.14772
4.04	0.34158	0.34429	0.13524	0.13795
4.05	0.34359	0.34625	0.12556	0.12823
4.06	0.3456	0.34823	0.11592	0.11855
4.07	0.34763	0.35022	0.10633	0.10893
4.08	0.34967	0.35223	0.0968	0.09937
4.09	0.35173	0.35426	0.08733	0.08986
4.1	0.35381	0.35629	0.07793	0.08042
4.11	0.35589	0.35835	0.06859	0.07105
4.12	0.35799	0.36041	0.05932	0.06175
4.13	0.36011	0.36249	0.05013	0.05252
4.14	0.36224	0.36459	0.04101	0.04338
4.15	0.36438	0.3667	0.03198	0.03431
4.16	0.36653	0.36882	0.02304	0.02533
4.17	0.36869	0.37095	0.01418	0.01645
4.18	0.37087	0.3731	0.00542	0.00765
4.19	0.37306	0.37526	-0.00325	-0.00105
4.2	0.37527	0.37743	-0.01182	-0.00964
4.21	0.37748	0.37962	-0.02028	-0.01814
4.22	0.37971	0.38182	-0.02864	-0.02652
4.23	0.38194	0.38403	-0.03689	-0.0348
4.24	0.38419	0.38625	-0.04502	-0.04296
4.25	0.38645	0.38848	-0.05304	-0.05101
4.26	0.38872	0.39072	-0.06093	-0.05893
4.27	0.39101	0.39298	-0.0687	-0.06673
4.28	0.3933	0.39524	-0.07635	-0.0744
4.29	0.3956	0.39751	-0.08387	-0.08195
4.3	0.39791	0.3998	-0.09125	-0.08936
4.31	0.40023	0.4021	-0.0985	-0.09664
4.32	0.40256	0.4044	-0.10561	-0.10377
4.33	0.4049	0.40672	-0.11258	-0.11077
4.34	0.40725	0.40904	-0.11941	-0.11762
4.35	0.40961	0.41137	-0.12609	-0.12432
4.36	0.41197	0.41371	-0.13262	-0.13088
4.37	0.41435	0.41607	-0.139	-0.13728
4.38	0.41673	0.41842	-0.14522	-0.14353
4.39	0.41912	0.42079	-0.15129	-0.14962
4.4	0.42152	0.42317	-0.15719	-0.15555
4.41	0.42392	0.42555	-0.16294	-0.16131
4.42	0.42634	0.42794	-0.16852	-0.16692
4.43	0.42876	0.43034	-0.17393	-0.17235
4.44	0.43118	0.43274	-0.17918	-0.17762
4.45	0.43362	0.43515	-0.18425	-0.18272
4.46	0.43605	0.43757	-0.18916	-0.18764
4.47	0.4385	0.43999	-0.19389	-0.19239
4.48	0.44095	0.44242	-0.19844	-0.19696
4.49	0.44341	0.44486	-0.20281	-0.20135
4.5	0.44587	0.4473	-0.207	-0.20557
4.51	0.44833	0.44975	-0.21101	-0.20959
4.52	0.4508	0.4522	-0.21484	-0.21344
4.53	0.45328	0.45466	-0.21848	-0.2171
4.54	0.45576	0.45712	-0.22193	-0.22058
4.55	0.45824	0.45958	-0.2252	-0.22386
4.56	0.46073	0.46205	-0.22827	-0.22696
4.57	0.46322	0.46452	-0.23116	-0.22986
4.58	0.46571	0.467	-0.23386	-0.23258
4.59	0.46821	0.46948	-0.23637	-0.2351
4.6	0.47071	0.47196	-0.23868	-0.23742
4.61	0.47321	0.47445	-0.24079	-0.23955
4.62	0.47572	0.47694	-0.24271	-0.24149
4.63	0.47823	0.47943	-0.24444	-0.24323
4.64	0.48074	0.48192	-0.24596	-0.24477
4.65	0.48325	0.48441	-0.24729	-0.24611
4.66	0.48576	0.48691	-0.24842	-0.24726
4.67	0.48827	0.48941	-0.24936	-0.2482
4.68	0.49078	0.4919	-0.25009	-0.24895
4.69	0.4933	0.4944	-0.25062	-0.2495
4.7	0.49581	0.4969	-0.25096	-0.24985
4.71	0.49833	0.4994	-0.25109	-0.24999
4.72	0.50084	0.5019	-0.25103	-0.24994
4.73	0.50335	0.5044	-0.25076	-0.24969
4.74	0.50587	0.5069	-0.25029	-0.24924
4.75	0.50838	0.5094	-0.24963	-0.24859
4.76	0.51089	0.5119	-0.24876	-0.24773
4.77	0.5134	0.51439	-0.24769	-0.24668
4.78	0.51591	0.51689	-0.24643	-0.24544
4.79	0.51841	0.51938	-0.24497	-0.24399
4.8	0.52092	0.52187	-0.24331	-0.24234
4.81	0.52342	0.52436	-0.24146	-0.2405
4.82	0.52592	0.52685	-0.23941	-0.23846
4.83	0.52842	0.52934	-0.23716	-0.23623
4.84	0.53091	0.53182	-0.23472	-0.2338
4.85	0.5334	0.53429	-0.23208	-0.23118
4.86	0.53589	0.53677	-0.22925	-0.22837
4.87	0.53837	0.53924	-0.22623	-0.22536
4.88	0.54085	0.54171	-0.22302	-0.22217
4.89	0.54332	0.54417	-0.21963	-0.21878
4.9	0.54579	0.54663	-0.21604	-0.21521
4.91	0.54826	0.54908	-0.21227	-0.21146
4.92	0.55072	0.55153	-0.20831	-0.20751
4.93	0.55317	0.55397	-0.20418	-0.20339
4.94	0.55562	0.55641	-0.19986	-0.19908
4.95	0.55807	0.55885	-0.19536	-0.1946
4.96	0.5605	0.56127	-0.19068	-0.18993
4.97	0.56293	0.56369	-0.18583	-0.18509
4.98	0.56536	0.56611	-0.18081	-0.18008
4.99	0.56778	0.56851	-0.17561	-0.17489
5	0.57019	0.57092	-0.17024	-0.16954
5.01	0.57259	0.57331	-0.16471	-0.16401
5.02	0.57499	0.5757	-0.15901	-0.15832
5.03	0.57738	0.57807	-0.15315	-0.15247
5.04	0.57976	0.58045	-0.14712	-0.14646
5.05	0.58213	0.58281	-0.14095	-0.14028
5.06	0.5845	0.58516	-0.13461	-0.13396
5.07	0.58685	0.58751	-0.12812	-0.12747
5.08	0.5892	0.58985	-0.12148	-0.12084
5.09	0.59154	0.59218	-0.11469	-0.11406
5.1	0.59387	0.59449	-0.10775	-0.10713
5.11	0.59618	0.5968	-0.10067	-0.10006
5.12	0.59849	0.5991	-0.09345	-0.09285
5.13	0.60079	0.60139	-0.0861	-0.08551
5.14	0.60308	0.60367	-0.07861	-0.07803
5.15	0.60536	0.60594	-0.07099	-0.07041
5.16	0.60763	0.6082	-0.06324	-0.06267
5.17	0.60988	0.61045	-0.05536	-0.05481
5.18	0.61213	0.61269	-0.04737	-0.04682
5.19	0.61436	0.61491	-0.03925	-0.03871
5.2	0.61658	0.61713	-0.03102	-0.03049
5.21	0.61879	0.61933	-0.02268	-0.02216
5.22	0.62099	0.62152	-0.01423	-0.01372
5.23	0.62318	0.6237	-0.00567	-0.00517
5.24	0.62535	0.62587	0.00299	0.00348
5.25	0.62751	0.62802	0.01175	0.01223
5.26	0.62966	0.63016	0.0206	0.02108
5.27	0.6318	0.63229	0.02954	0.03001
5.28	0.63392	0.6344	0.03857	0.03903
5.29	0.63603	0.63651	0.04768	0.04814
5.3	0.63812	0.63859	0.05688	0.05733
5.31	0.6402	0.64067	0.06615	0.0666
5.32	0.64227	0.64273	0.07549	0.07594
5.33	0.64432	0.64477	0.08491	0.08534
5.34	0.64636	0.6468	0.09439	0.09482
5.35	0.64838	0.64882	0.10393	0.10436
5.36	0.65039	0.65082	0.11353	0.11395
5.37	0.65238	0.65281	0.12318	0.1236
5.38	0.65436	0.65478	0.13289	0.1333
5.39	0.65632	0.65673	0.14264	0.14305
5.4	0.65827	0.65867	0.15243	0.15284
5.41	0.6602	0.6606	0.16226	0.16266
5.42	0.66211	0.66251	0.17213	0.17253
5.43	0.66401	0.6644	0.18203	0.18242
5.44	0.66589	0.66627	0.19196	0.19234
5.45	0.66775	0.66813	0.20191	0.20229
5.46	0.6696	0.66997	0.21188	0.21225
5.47	0.67143	0.6718	0.22186	0.22223
5.48	0.67324	0.6736	0.23186	0.23222
5.49	0.67504	0.67539	0.24186	0.24221
5.5	0.67681	0.67717	0.25186	0.25221
5.51	0.67857	0.67892	0.26187	0.26221
5.52	0.68032	0.68066	0.27187	0.27221
5.53	0.68204	0.68238	0.28186	0.28219
5.54	0.68374	0.68408	0.29184	0.29216
5.55	0.68543	0.68576	0.3018	0.30212
5.56	0.6871	0.68743	0.31174	0.31205
5.57	0.68875	0.68907	0.32165	0.32196
5.58	0.69038	0.6907	0.33154	0.33184
5.59	0.69199	0.6923	0.34139	0.34169
5.6	0.69358	0.69389	0.35121	0.3515
5.61	0.69516	0.69546	0.36098	0.36127
5.62	0.69671	0.69701	0.37071	0.371
5.63	0.69824	0.69854	0.38039	0.38068
5.64	0.69976	0.70005	0.39002	0.3903
5.65	0.70125	0.70154	0.3996	0.39987
5.66	0.70272	0.70301	0.40911	0.40938
5.67	0.70418	0.70445	0.41856	0.41883
5.68	0.70561	0.70588	0.42794	0.42821
5.69	0.70702	0.70729	0.43725	0.43751
5.7	0.70841	0.70868	0.44649	0.44675
5.71	0.70978	0.71004	0.45565	0.4559
5.72	0.71113	0.71139	0.46472	0.46497
5.73	0.71246	0.71271	0.47371	0.47395
5.74	0.71377	0.71402	0.48261	0.48285
5.75	0.71505	0.7153	0.49142	0.49165
5.76	0.71631	0.71656	0.50012	0.50036
5.77	0.71756	0.7178	0.50873	0.50896
5.78	0.71878	0.71901	0.51724	0.51747
5.79	0.71997	0.72021	0.52564	0.52586
5.8	0.72115	0.72138	0.53392	0.53414
5.81	0.7223	0.72253	0.5421	0.54232
5.82	0.72344	0.72366	0.55016	0.55037
5.83	0.72455	0.72476	0.55809	0.5583
5.84	0.72563	0.72585	0.56591	0.56611
5.85	0.7267	0.72691	0.57359	0.5738
5.86	0.72774	0.72795	0.58115	0.58135
5.87	0.72876	0.72896	0.58858	0.58877
5.88	0.72975	0.72995	0.59586	0.59606
5.89	0.73072	0.73092	0.60302	0.60321
5.9	0.73167	0.73187	0.61002	0.61022
5.91	0.7326	0.73279	0.61689	0.61708
5.92	0.7335	0.73369	0.62361	0.62379
5.93	0.73438	0.73457	0.63018	0.63036
5.94	0.73524	0.73542	0.63659	0.63678
5.95	0.73607	0.73625	0.64286	0.64304
5.96	0.73688	0.73706	0.64896	0.64914
5.97	0.73766	0.73784	0.65491	0.65508
5.98	0.73842	0.7386	0.66069	0.66086
5.99	0.73916	0.73933	0.66631	0.66648
6	0.73987	0.74004	0.67176	0.67193
6.01	0.74056	0.74073	0.67704	0.67721
6.02	0.74123	0.74139	0.68215	0.68232
6.03	0.74187	0.74203	0.68709	0.68726
6.04	0.74248	0.74264	0.69186	0.69202
6.05	0.74307	0.74323	0.69645	0.6966
6.06	0.74364	0.7438	0.70085	0.70101
6.07	0.74419	0.74434	0.70508	0.70524
6.08	0.7447	0.74486	0.70913	0.70928
6.09	0.7452	0.74535	0.71299	0.71314
6.1	0.74567	0.74582	0.71667	0.71682
6.11	0.74611	0.74626	0.72016	0.72031
6.12	0.74653	0.74668	0.72346	0.72361
6.13	0.74693	0.74707	0.72657	0.72672
6.14	0.7473	0.74744	0.7295	0.72964
6.15	0.74765	0.74779	0.73223	0.73237
6.16	0.74797	0.74811	0.73477	0.7349
6.17	0.74827	0.7484	0.73711	0.73724
6.18	0.74854	0.74867	0.73926	0.73939
6.19	0.74878	0.74892	0.74121	0.74134
6.2	0.74901	0.74914	0.74297	0.7431
6.21	0.7492	0.74933	0.74453	0.74465
6.22	0.74938	0.7495	0.74589	0.74601
6.23	0.74952	0.74965	0.74705	0.74717
6.24	0.74964	0.74977	0.74801	0.74814
6.25	0.74974	0.74986	0.74877	0.7489
6.26	0.74981	0.74993	0.74934	0.74946
6.27	0.74986	0.74998	0.74971	0.74983
6.28	0.74988	0.75	0.74988	0.74999
6.29	0.74988	0.74999	0.74984	0.74995
6.3	0.74985	0.74996	0.74961	0.74972
6.31	0.7498	0.74991	0.74917	0.74928
6.32	0.74972	0.74983	0.74854	0.74865
6.33	0.74962	0.74973	0.7477	0.74781
6.34	0.74949	0.7496	0.74666	0.74678
6.35	0.74934	0.74944	0.74543	0.74554
6.36	0.74916	0.74926	0.744	0.74411
6.37	0.74896	0.74906	0.74237	0.74248
6.38	0.74873	0.74883	0.74054	0.74066
6.39	0.74847	0.74858	0.73852	0.73863
6.4	0.7482	0.7483	0.7363	0.73642
6.41	0.74789	0.74799	0.73389	0.734
6.42	0.74757	0.74766	0.73129	0.7314
6.43	0.74721	0.74731	0.72849	0.7286
6.44	0.74684	0.74693	0.7255	0.72561
6.45	0.74644	0.74653	0.72232	0.72243
6.46	0.74601	0.7461	0.71895	0.71906
6.47	0.74556	0.74565	0.7154	0.7155
6.48	0.74508	0.74517	0.71166	0.71176
6.49	0.74458	0.74467	0.70773	0.70783
6.5	0.74406	0.74415	0.70362	0.70372
6.51	0.74351	0.7436	0.69933	0.69943
6.52	0.74293	0.74302	0.69486	0.69496
6.53	0.74234	0.74242	0.69021	0.69031
6.54	0.74171	0.7418	0.68539	0.68548
6.55	0.74107	0.74115	0.68039	0.68048
6.56	0.7404	0.74048	0.67522	0.67531
6.57	0.7397	0.73979	0.66988	0.66997
6.58	0.73898	0.73907	0.66437	0.66446
6.59	0.73824	0.73833	0.65869	0.65878
6.6	0.73748	0.73756	0.65285	0.65294
6.61	0.73669	0.73677	0.64685	0.64694
6.62	0.73587	0.73595	0.64069	0.64078
6.63	0.73504	0.73512	0.63438	0.63447
6.64	0.73418	0.73425	0.62791	0.628
6.65	0.73329	0.73337	0.62129	0.62137
6.66	0.73238	0.73246	0.61452	0.61461
6.67	0.73145	0.73153	0.6076	0.60769
6.68	0.7305	0.73057	0.60054	0.60063
6.69	0.72952	0.7296	0.59334	0.59343
6.7	0.72852	0.7286	0.58601	0.5861
6.71	0.7275	0.72757	0.57854	0.57863
6.72	0.72645	0.72653	0.57094	0.57102
6.73	0.72539	0.72546	0.56321	0.56329
6.74	0.7243	0.72437	0.55535	0.55544
6.75	0.72318	0.72325	0.54738	0.54746
6.76	0.72205	0.72212	0.53928	0.53936
6.77	0.72089	0.72096	0.53106	0.53115
6.78	0.71971	0.71978	0.52274	0.52283
6.79	0.71851	0.71857	0.5143	0.51439
6.8	0.71728	0.71735	0.50576	0.50585
6.81	0.71604	0.7161	0.49712	0.49721
6.82	0.71477	0.71484	0.48837	0.48847
6.83	0.71348	0.71355	0.47954	0.47963
6.84	0.71217	0.71224	0.47061	0.4707
6.85	0.71084	0.7109	0.46159	0.46169
6.86	0.70949	0.70955	0.45249	0.45259
6.87	0.70812	0.70818	0.44331	0.4434
6.88	0.70672	0.70678	0.43405	0.43414
6.89	0.70531	0.70537	0.42471	0.42481
6.9	0.70387	0.70393	0.41531	0.41541
6.91	0.70242	0.70248	0.40584	0.40594
6.92	0.70094	0.701	0.3963	0.39641
6.93	0.69944	0.6995	0.38671	0.38682
6.94	0.69793	0.69799	0.37707	0.37717
6.95	0.69639	0.69645	0.36737	0.36747
6.96	0.69483	0.69489	0.35763	0.35773
6.97	0.69326	0.69332	0.34785	0.34795
6.98	0.69166	0.69172	0.33802	0.33812
6.99	0.69005	0.69011	0.32816	0.32826
7	0.68842	0.68848	0.31827	0.31837
7.01	0.68676	0.68682	0.30835	0.30845
7.02	0.68509	0.68515	0.2984	0.29851
7.03	0.68341	0.68346	0.28844	0.28855
7.04	0.6817	0.68176	0.27846	0.27857
7.05	0.67997	0.68003	0.26847	0.26858
7.06	0.67823	0.67829	0.25847	0.25858
7.07	0.67647	0.67653	0.24847	0.24858
7.08	0.67469	0.67475	0.23847	0.23858
7.09	0.67289	0.67295	0.22847	0.22859
7.1	0.67108	0.67114	0.21848	0.2186
7.11	0.66924	0.66931	0.20851	0.20863
7.12	0.6674	0.66746	0.19855	0.19867
7.13	0.66553	0.66559	0.18861	0.18874
7.14	0.66365	0.66371	0.1787	0.17883
7.15	0.66175	0.66181	0.16882	0.16894
7.16	0.65984	0.6599	0.15897	0.15909
7.17	0.65791	0.65797	0.14916	0.14928
7.18	0.65596	0.65603	0.13939	0.1395
7.19	0.654	0.65406	0.12966	0.12977
7.2	0.65202	0.65209	0.11998	0.12009
7.21	0.65003	0.6501	0.11035	0.11046
7.22	0.64802	0.64809	0.10078	0.10089
7.23	0.646	0.64607	0.09126	0.09137
7.24	0.64397	0.64403	0.08182	0.08192
7.25	0.64192	0.64198	0.07243	0.07254
7.26	0.63985	0.63992	0.06313	0.06323
7.27	0.63777	0.63784	0.05389	0.05399
7.28	0.63568	0.63574	0.04473	0.04483
7.29	0.63357	0.63364	0.03566	0.03575
7.3	0.63145	0.63152	0.02667	0.02676
7.31	0.62932	0.62939	0.01776	0.01785
7.32	0.62718	0.62724	0.00896	0.00905
7.33	0.62502	0.62508	2.44587e-4	3.31638e-4
7.34	0.62285	0.62291	-0.00837	-0.00828
7.35	0.62066	0.62073	-0.01688	-0.01679
7.36	0.61847	0.61853	-0.02528	-0.0252
7.37	0.61626	0.61633	-0.03357	-0.03349
7.38	0.61404	0.61411	-0.04175	-0.04167
7.39	0.61181	0.61188	-0.04981	-0.04973
7.4	0.60957	0.60964	-0.05776	-0.05768
7.41	0.60732	0.60738	-0.06558	-0.0655
7.42	0.60506	0.60512	-0.07327	-0.07319
7.43	0.60279	0.60285	-0.08083	-0.08076
7.44	0.6005	0.60056	-0.08826	-0.08819
7.45	0.59821	0.59827	-0.09556	-0.09549
7.46	0.59591	0.59597	-0.10272	-0.10265
7.47	0.59359	0.59365	-0.10974	-0.10966
7.48	0.59127	0.59133	-0.11661	-0.11654
7.49	0.58894	0.589	-0.12334	-0.12327
7.5	0.5866	0.58666	-0.12992	-0.12984
7.51	0.58425	0.58431	-0.13634	-0.13627
7.52	0.58189	0.58195	-0.14261	-0.14254
7.53	0.57953	0.57959	-0.14873	-0.14866
7.54	0.57715	0.57721	-0.15468	-0.15461
7.55	0.57477	0.57483	-0.16048	-0.16041
7.56	0.57238	0.57244	-0.16611	-0.16604
7.57	0.56999	0.57005	-0.17157	-0.1715
7.58	0.56759	0.56764	-0.17686	-0.17679
7.59	0.56518	0.56523	-0.18199	-0.18192
7.6	0.56276	0.56281	-0.18694	-0.18687
7.61	0.56034	0.56039	-0.19171	-0.19164
7.62	0.55791	0.55796	-0.19631	-0.19624
7.63	0.55548	0.55553	-0.20073	-0.20067
7.64	0.55304	0.55309	-0.20497	-0.20491
7.65	0.55059	0.55064	-0.20903	-0.20897
7.66	0.54814	0.54819	-0.2129	-0.21284
7.67	0.54569	0.54574	-0.21659	-0.21653
7.68	0.54323	0.54328	-0.22009	-0.22003
7.69	0.54076	0.54081	-0.22341	-0.22335
7.7	0.53829	0.53834	-0.22653	-0.22648
7.71	0.53582	0.53587	-0.22946	-0.22941
7.72	0.53335	0.5334	-0.23221	-0.23216
7.73	0.53087	0.53092	-0.23476	-0.23471
7.74	0.52839	0.52843	-0.23711	-0.23706
7.75	0.5259	0.52595	-0.23927	-0.23923
7.76	0.52342	0.52346	-0.24124	-0.24119
7.77	0.52093	0.52097	-0.24301	-0.24296
7.78	0.51844	0.51848	-0.24458	-0.24454
7.79	0.51594	0.51598	-0.24595	-0.24591
7.8	0.51345	0.51349	-0.24713	-0.24709
7.81	0.51095	0.51099	-0.24811	-0.24807
7.82	0.50845	0.50849	-0.24888	-0.24885
7.83	0.50596	0.50599	-0.24946	-0.24942
7.84	0.50346	0.5035	-0.24984	-0.2498
7.85	0.50096	0.501	-0.25002	-0.24998
7.86	0.49846	0.4985	-0.25	-0.24996
7.87	0.49596	0.496	-0.24978	-0.24974
7.88	0.49346	0.4935	-0.24936	-0.24932
7.89	0.49096	0.491	-0.24874	-0.2487
7.9	0.48846	0.4885	-0.24792	-0.24788
7.91	0.48597	0.486	-0.24691	-0.24687
7.92	0.48347	0.48351	-0.24569	-0.24565
7.93	0.48098	0.48101	-0.24427	-0.24423
7.94	0.47849	0.47852	-0.24266	-0.24262
7.95	0.476	0.47603	-0.24085	-0.24081
7.96	0.47351	0.47355	-0.23884	-0.2388
7.97	0.47102	0.47106	-0.23664	-0.2366
7.98	0.46854	0.46858	-0.23425	-0.2342
7.99	0.46606	0.4661	-0.23166	-0.23161
8	0.46359	0.46362	-0.22887	-0.22883
8.01	0.46112	0.46115	-0.2259	-0.22586
8.02	0.45865	0.45869	-0.22273	-0.22269
8.03	0.45619	0.45622	-0.21938	-0.21934
8.04	0.45373	0.45376	-0.21584	-0.21579
8.05	0.45127	0.45131	-0.21211	-0.21207
8.06	0.44882	0.44886	-0.20819	-0.20815
8.07	0.44638	0.44641	-0.2041	-0.20406
8.08	0.44394	0.44398	-0.19982	-0.19978
8.09	0.4415	0.44154	-0.19536	-0.19532
8.1	0.43907	0.43911	-0.19073	-0.19069
8.11	0.43665	0.43669	-0.18591	-0.18587
8.12	0.43423	0.43428	-0.18093	-0.18089
8.13	0.43182	0.43187	-0.17577	-0.17573
8.14	0.42942	0.42947	-0.17044	-0.1704
8.15	0.42703	0.42707	-0.16494	-0.1649
8.16	0.42464	0.42468	-0.15928	-0.15924
8.17	0.42226	0.4223	-0.15345	-0.15341
8.18	0.41989	0.41993	-0.14746	-0.14742
8.19	0.41752	0.41757	-0.14131	-0.14128
8.2	0.41517	0.41521	-0.13501	-0.13497
8.21	0.41282	0.41286	-0.12855	-0.12852
8.22	0.41048	0.41052	-0.12194	-0.12191
8.23	0.40815	0.4082	-0.11518	-0.11515
8.24	0.40583	0.40587	-0.10828	-0.10825
8.25	0.40352	0.40356	-0.10123	-0.1012
8.26	0.40122	0.40126	-0.09404	-0.09401
8.27	0.39893	0.39897	-0.08671	-0.08669
8.28	0.39665	0.39669	-0.07926	-0.07923
8.29	0.39438	0.39442	-0.07166	-0.07163
8.3	0.39212	0.39216	-0.06394	-0.06391
8.31	0.38987	0.38991	-0.0561	-0.05607
8.32	0.38763	0.38767	-0.04813	-0.0481
8.33	0.3854	0.38544	-0.04004	-0.04001
8.34	0.38319	0.38322	-0.03184	-0.03181
8.35	0.38098	0.38102	-0.02352	-0.02349
8.36	0.37879	0.37883	-0.0151	-0.01507
8.37	0.37661	0.37664	-0.00657	-0.00654
8.38	0.37444	0.37448	0.00207	0.0021
8.39	0.37229	0.37232	0.0108	0.01083
8.4	0.37014	0.37018	0.01963	0.01966
8.41	0.36801	0.36805	0.02855	0.02858
8.42	0.3659	0.36593	0.03756	0.03759
8.43	0.36379	0.36383	0.04666	0.04669
8.44	0.3617	0.36174	0.05583	0.05586
8.45	0.35963	0.35966	0.06508	0.06512
8.46	0.35757	0.3576	0.07441	0.07444
8.47	0.35552	0.35555	0.08381	0.08384
8.48	0.35349	0.35352	0.09328	0.09331
8.49	0.35147	0.3515	0.1028	0.10283
8.5	0.34946	0.3495	0.11239	0.11242
8.51	0.34747	0.34751	0.12203	0.12206
8.52	0.3455	0.34553	0.13172	0.13175
8.53	0.34354	0.34358	0.14146	0.14149
8.54	0.3416	0.34163	0.15124	0.15127
8.55	0.33967	0.33971	0.16106	0.1611
8.56	0.33776	0.3378	0.17092	0.17095
8.57	0.33587	0.3359	0.18081	0.18084
8.58	0.33399	0.33403	0.19073	0.19076
8.59	0.33213	0.33216	0.20067	0.2007
8.6	0.33028	0.33032	0.21063	0.21066
8.61	0.32845	0.32849	0.22061	0.22064
8.62	0.32664	0.32668	0.2306	0.23063
8.63	0.32485	0.32489	0.24059	0.24062
8.64	0.32308	0.32311	0.25059	0.25062
8.65	0.32132	0.32136	0.26059	0.26062
8.66	0.31958	0.31962	0.27059	0.27061
8.67	0.31786	0.31789	0.28057	0.2806
8.68	0.31616	0.31619	0.29055	0.29058
8.69	0.31447	0.31451	0.30051	0.30053
8.7	0.31281	0.31284	0.31044	0.31047
8.71	0.31116	0.31119	0.32036	0.32039
8.72	0.30953	0.30956	0.33024	0.33027
8.73	0.30792	0.30795	0.3401	0.34012
8.74	0.30633	0.30636	0.34992	0.34994
8.75	0.30476	0.30479	0.35969	0.35972
8.76	0.30321	0.30324	0.36943	0.36945
8.77	0.30168	0.3017	0.37911	0.37914
8.78	0.30016	0.30019	0.38875	0.38877
8.79	0.29867	0.2987	0.39833	0.39835
8.8	0.2972	0.29723	0.40785	0.40787
8.81	0.29575	0.29577	0.4173	0.41733
8.82	0.29432	0.29434	0.42669	0.42672
8.83	0.29291	0.29293	0.43601	0.43604
8.84	0.29152	0.29154	0.44526	0.44528
8.85	0.29015	0.29017	0.45442	0.45445
8.86	0.2888	0.28882	0.46351	0.46353
8.87	0.28747	0.2875	0.47251	0.47253
8.88	0.28617	0.28619	0.48142	0.48144
8.89	0.28488	0.2849	0.49024	0.49026
8.9	0.28362	0.28364	0.49896	0.49898
8.91	0.28238	0.2824	0.50758	0.5076
8.92	0.28116	0.28118	0.5161	0.51612
8.93	0.27996	0.27998	0.52451	0.52453
8.94	0.27879	0.27881	0.53281	0.53283
8.95	0.27763	0.27765	0.541	0.54102
8.96	0.2765	0.27652	0.54908	0.54909
8.97	0.27539	0.27541	0.55703	0.55705
8.98	0.27431	0.27432	0.56486	0.56488
8.99	0.27324	0.27326	0.57256	0.57258
9	0.2722	0.27222	0.58014	0.58016
9.01	0.27118	0.2712	0.58758	0.5876
9.02	0.27019	0.2702	0.59489	0.59491
9.03	0.26921	0.26923	0.60207	0.60208
9.04	0.26827	0.26828	0.6091	0.60911
9.05	0.26734	0.26735	0.61598	0.616
9.06	0.26644	0.26645	0.62272	0.62274
9.07	0.26556	0.26557	0.62931	0.62933
9.08	0.2647	0.26471	0.63575	0.63576
9.09	0.26387	0.26388	0.64204	0.64205
9.1	0.26306	0.26307	0.64817	0.64818
9.11	0.26227	0.26228	0.65413	0.65414
9.12	0.26151	0.26152	0.65994	0.65995
9.13	0.26077	0.26078	0.66558	0.66559
9.14	0.26006	0.26007	0.67106	0.67107
9.15	0.25937	0.25938	0.67636	0.67638
9.16	0.2587	0.25871	0.6815	0.68152
9.17	0.25806	0.25807	0.68647	0.68648
9.18	0.25744	0.25745	0.69126	0.69127
9.19	0.25685	0.25686	0.69587	0.69588
9.2	0.25628	0.25629	0.7003	0.70032
9.21	0.25573	0.25574	0.70456	0.70458
9.22	0.25521	0.25522	0.70863	0.70865
9.23	0.25472	0.25473	0.71253	0.71254
9.24	0.25425	0.25426	0.71623	0.71624
9.25	0.2538	0.25381	0.71975	0.71976
9.26	0.25338	0.25339	0.72308	0.72309
9.27	0.25298	0.25299	0.72622	0.72623
9.28	0.25261	0.25262	0.72917	0.72919
9.29	0.25226	0.25227	0.73193	0.73194
9.3	0.25193	0.25194	0.7345	0.73451
9.31	0.25163	0.25164	0.73687	0.73688
9.32	0.25136	0.25137	0.73905	0.73906
9.33	0.25111	0.25112	0.74103	0.74104
9.34	0.25089	0.2509	0.74281	0.74283
9.35	0.25069	0.2507	0.7444	0.74442
9.36	0.25051	0.25052	0.74579	0.74581
9.37	0.25036	0.25037	0.74699	0.747
9.38	0.25024	0.25025	0.74798	0.748
9.39	0.25014	0.25015	0.74878	0.74879
9.4	0.25007	0.25008	0.74937	0.74939
9.41	0.25002	0.25003	0.74977	0.74978
9.42	0.24999	0.25	0.74996	0.74998
9.43	0.24999	0.25	0.74996	0.74997
9.44	0.25002	0.25003	0.74975	0.74977
9.45	0.25007	0.25008	0.74935	0.74936
9.46	0.25014	0.25016	0.74875	0.74876
9.47	0.25024	0.25026	0.74794	0.74796
9.48	0.25037	0.25038	0.74694	0.74695
9.49	0.25052	0.25053	0.74574	0.74575
9.5	0.25069	0.25071	0.74434	0.74435
9.51	0.25089	0.25091	0.74274	0.74275
9.52	0.25112	0.25113	0.74094	0.74096
9.53	0.25137	0.25138	0.73895	0.73897
9.54	0.25164	0.25166	0.73676	0.73678
9.55	0.25194	0.25196	0.73438	0.7344
9.56	0.25226	0.25228	0.73181	0.73183
9.57	0.25261	0.25263	0.72904	0.72906
9.58	0.25299	0.25301	0.72608	0.7261
9.59	0.25338	0.2534	0.72293	0.72295
9.6	0.25381	0.25383	0.71959	0.71961
9.61	0.25425	0.25428	0.71606	0.71608
9.62	0.25472	0.25475	0.71235	0.71237
9.63	0.25522	0.25525	0.70845	0.70847
9.64	0.25574	0.25577	0.70436	0.70439
9.65	0.25629	0.25631	0.7001	0.70013
9.66	0.25686	0.25688	0.69566	0.69568
9.67	0.25745	0.25748	0.69104	0.69106
9.68	0.25807	0.2581	0.68624	0.68626
9.69	0.25871	0.25874	0.68126	0.68129
9.7	0.25938	0.25941	0.67612	0.67615
9.71	0.26007	0.2601	0.6708	0.67083
9.72	0.26079	0.26082	0.66532	0.66535
9.73	0.26152	0.26155	0.65967	0.6597
9.74	0.26229	0.26232	0.65385	0.65388
9.75	0.26307	0.26311	0.64788	0.64791
9.76	0.26389	0.26392	0.64174	0.64177
9.77	0.26472	0.26475	0.63545	0.63548
9.78	0.26558	0.26561	0.62901	0.62904
9.79	0.26646	0.26649	0.62241	0.62244
9.8	0.26737	0.26739	0.61566	0.61569
9.81	0.26829	0.26832	0.60877	0.6088
9.82	0.26925	0.26927	0.60174	0.60176
9.83	0.27022	0.27025	0.59456	0.59459
9.84	0.27122	0.27124	0.58725	0.58727
9.85	0.27224	0.27226	0.5798	0.57982
9.86	0.27328	0.27331	0.57222	0.57224
9.87	0.27435	0.27437	0.56451	0.56453
9.88	0.27544	0.27546	0.55668	0.5567
9.89	0.27655	0.27657	0.54872	0.54874
9.9	0.27768	0.2777	0.54065	0.54066
9.91	0.27884	0.27886	0.53245	0.53247
9.92	0.28002	0.28003	0.52415	0.52416
9.93	0.28122	0.28123	0.51573	0.51574
9.94	0.28244	0.28245	0.50721	0.50722
9.95	0.28368	0.2837	0.49858	0.49859
9.96	0.28495	0.28496	0.48986	0.48987
9.97	0.28624	0.28625	0.48104	0.48105
9.98	0.28754	0.28755	0.47213	0.47213
9.99	0.28887	0.28888	0.46312	0.46313
10	0.29022	0.29023	0.45404	0.45404