%Time	C(z) (1), Point: 2	w1, Point: 2	w2, Point: 2	Gamma, Point: 2
0	0.53334	1	0	15.99068
0.025	0.53944	1	0.00312	15.98397
0.05	0.54498	1	0.00625	15.97726
0.075	0.54968	1	0.00937	15.97055
0.1	0.55342	1	0.01249	15.96385
0.125	0.55618	1	0.01561	15.95716
0.15	0.55804	1	0.01873	15.95047
0.175	0.55919	1	0.02185	15.94379
0.2	0.5599	1	0.02496	15.93711
0.225	0.5605	1	0.02807	15.93045
0.25	0.56143	1	0.03117	15.9238
0.275	0.56314	1	0.03427	15.91716
0.3	0.56613	1	0.03736	15.91053
0.325	0.57099	1	0.04045	15.90392
0.35	0.57827	1	0.04353	15.89732
0.375	0.58861	1	0.0466	15.89074
0.4	0.60262	1	0.04967	15.88418
0.425	0.62099	1	0.05273	15.87763
0.45	0.64426	1	0.05578	15.8711
0.475	0.67313	1	0.05882	15.86459
0.5	0.70837	1	0.06185	15.85811
0.525	0.75016	1	0.06487	15.85164
0.55	0.79788	1	0.06789	15.8452
0.575	0.85064	1	0.07089	15.83879
0.6	0.90764	1	0.07388	15.83239
0.625	0.96797	1	0.07686	15.82603
0.65	1.03078	1	0.07983	15.81969
0.675	1.09531	1	0.08278	15.81338
0.7	1.16064	1	0.08572	15.8071
0.725	1.226	1	0.08865	15.80085
0.75	1.29052	1	0.09157	15.79463
0.775	1.3533	1	0.09447	15.78844
0.8	1.41354	1	0.09735	15.78229
0.825	1.47023	1	0.10023	15.77617
0.85	1.52248	1	0.10308	15.77008
0.875	1.56939	1	0.10592	15.76403
0.9	1.6098	1	0.10874	15.75802
0.925	1.64271	1	0.11155	15.75205
0.95	1.66733	1	0.11433	15.74611
0.975	1.6822	1	0.1171	15.74021
1	1.68583	1	0.11986	15.73436
1.025	1.67817	1	0.12259	15.72854
1.05	1.66027	1	0.1253	15.72277
1.075	1.63348	1	0.128	15.71704
1.1	1.59936	1	0.13067	15.71136
1.125	1.55928	1	0.13333	15.70572
1.15	1.51438	1	0.13596	15.70013
1.175	1.46588	1	0.13857	15.69458
1.2	1.41478	1	0.14116	15.68908
1.225	1.362	1	0.14373	15.68363
1.25	1.30845	1	0.14627	15.67823
1.275	1.25491	1	0.1488	15.67288
1.3	1.20209	1	0.1513	15.66758
1.325	1.15071	1	0.15377	15.66233
1.35	1.10134	1	0.15622	15.65714
1.375	1.05452	1	0.15865	15.652
1.4	1.01089	1	0.16105	15.64691
1.425	0.9708	1	0.16343	15.64188
1.45	0.93465	1	0.16578	15.63691
1.475	0.90305	1	0.16811	15.63199
1.5	0.87639	1	0.17041	15.62713
1.525	0.85467	1	0.17268	15.62232
1.55	0.83758	1	0.17493	15.61758
1.575	0.82458	1	0.17715	15.61289
1.6	0.81511	1	0.17934	15.60827
1.625	0.8087	1	0.1815	15.60371
1.65	0.80483	1	0.18364	15.59921
1.675	0.80303	1	0.18574	15.59477
1.7	0.8029	1	0.18782	15.5904
1.725	0.80404	1	0.18987	15.58608
1.75	0.8061	1	0.19189	15.58184
1.775	0.80875	1	0.19387	15.57766
1.8	0.81175	1	0.19583	15.57354
1.825	0.81486	1	0.19776	15.5695
1.85	0.81787	1	0.19966	15.56551
1.875	0.82064	1	0.20152	15.5616
1.9	0.82313	1	0.20335	15.55776
1.925	0.82522	1	0.20516	15.55398
1.95	0.82694	1	0.20693	15.55028
1.975	0.82841	1	0.20866	15.54664
2	0.82973	1	0.21037	15.54308
2.025	0.83089	1	0.21204	15.53958
2.05	0.83188	1	0.21368	15.53616
2.075	0.83258	1	0.21528	15.53281
2.1	0.83296	1	0.21686	15.52954
2.125	0.83299	1	0.21839	15.52634
2.15	0.8327	1	0.2199	15.52321
2.175	0.83216	1	0.22137	15.52015
2.2	0.83147	1	0.2228	15.51718
2.225	0.83078	1	0.2242	15.51427
2.25	0.83017	1	0.22557	15.51145
2.275	0.82988	1	0.2269	15.50869
2.3	0.83009	1	0.22819	15.50602
2.325	0.83099	1	0.22945	15.50342
2.35	0.83279	1	0.23067	15.5009
2.375	0.83577	1	0.23186	15.49846
2.4	0.84016	1	0.23301	15.4961
2.425	0.84611	1	0.23412	15.49381
2.45	0.85392	1	0.2352	15.49161
2.475	0.86394	1	0.23624	15.48948
2.5	0.87639	1	0.23725	15.48744
2.525	0.8913	1	0.23821	15.48547
2.55	0.90848	1	0.23914	15.48359
2.575	0.92764	1	0.24003	15.48178
2.6	0.94849	1	0.24089	15.48006
2.625	0.97069	1	0.24171	15.47841
2.65	0.99398	1	0.24249	15.47685
2.675	1.01802	1	0.24323	15.47537
2.7	1.04249	1	0.24393	15.47398
2.725	1.06712	1	0.2446	15.47266
2.75	1.09162	1	0.24522	15.47143
2.775	1.11559	1	0.24581	15.47028
2.8	1.1387	1	0.24636	15.46921
2.825	1.16075	1	0.24687	15.46822
2.85	1.18126	1	0.24735	15.46732
2.875	1.19976	1	0.24778	15.4665
2.9	1.21603	1	0.24818	15.46577
2.925	1.22978	1	0.24854	15.46512
2.95	1.24043	1	0.24885	15.46455
2.975	1.24741	1	0.24913	15.46407
3	1.25029	1	0.24937	15.46367
3.025	1.24904	1	0.24958	15.46335
3.05	1.24399	1	0.24974	15.46312
3.075	1.23563	1	0.24986	15.46297
3.1	1.22446	1	0.24995	15.4629
3.125	1.21099	1	0.24999	15.46292
3.15	1.19566	1	0.25	15.46302
3.175	1.17887	1	0.24997	15.46321
3.2	1.16101	1	0.24989	15.46348
3.225	1.1424	1	0.24978	15.46384
3.25	1.12336	1	0.24963	15.46427
3.275	1.10423	1	0.24944	15.4648
3.3	1.08523	1	0.24922	15.4654
3.325	1.06659	1	0.24895	15.46609
3.35	1.04861	1	0.24864	15.46686
3.375	1.03149	1	0.2483	15.46772
3.4	1.0154	1	0.24792	15.46866
3.425	1.00049	1	0.24749	15.46968
3.45	0.98697	1	0.24703	15.47078
3.475	0.97507	1	0.24653	15.47197
3.5	0.96493	1	0.246	15.47324
3.525	0.95654	1	0.24542	15.47459
3.55	0.94979	1	0.24481	15.47603
3.575	0.94453	1	0.24415	15.47754
3.6	0.94056	1	0.24346	15.47914
3.625	0.93768	1	0.24273	15.48082
3.65	0.93574	1	0.24197	15.48258
3.675	0.93456	1	0.24116	15.48442
3.7	0.934	1	0.24032	15.48634
3.725	0.93391	1	0.23944	15.48835
3.75	0.93417	1	0.23852	15.49043
3.775	0.93467	1	0.23757	15.49259
3.8	0.93529	1	0.23658	15.49483
3.825	0.93595	1	0.23555	15.49715
3.85	0.9366	1	0.23448	15.49955
3.875	0.9372	1	0.23338	15.50203
3.9	0.93767	1	0.23224	15.50458
3.925	0.93801	1	0.23107	15.50721
3.95	0.93822	1	0.22985	15.50992
3.975	0.93835	1	0.22861	15.51271
4	0.93844	1	0.22732	15.51557
4.025	0.93848	1	0.22601	15.51851
4.05	0.93845	1	0.22465	15.52152
4.075	0.93833	1	0.22326	15.5246
4.1	0.93809	1	0.22184	15.52777
4.125	0.93772	1	0.22038	15.531
4.15	0.93724	1	0.21889	15.53431
4.175	0.93668	1	0.21736	15.53769
4.2	0.93606	1	0.2158	15.54114
4.225	0.93542	1	0.21421	15.54467
4.25	0.93485	1	0.21258	15.54827
4.275	0.93439	1	0.21092	15.55193
4.3	0.9341	1	0.20922	15.55567
4.325	0.93406	1	0.2075	15.55948
4.35	0.93439	1	0.20574	15.56335
4.375	0.93516	1	0.20395	15.5673
4.4	0.93643	1	0.20212	15.57131
4.425	0.9383	1	0.20027	15.57538
4.45	0.94088	1	0.19838	15.57953
4.475	0.9443	1	0.19647	15.58374
4.5	0.94864	1	0.19452	15.58801
4.525	0.95392	1	0.19254	15.59235
4.55	0.96007	1	0.19053	15.59676
4.575	0.96698	1	0.18849	15.60122
4.6	0.97456	1	0.18643	15.60575
4.625	0.98271	1	0.18433	15.61034
4.65	0.99129	1	0.1822	15.61499
4.675	1.00019	1	0.18005	15.6197
4.7	1.00934	1	0.17787	15.62447
4.725	1.0186	1	0.17566	15.6293
4.75	1.02782	1	0.17342	15.63419
4.775	1.03692	1	0.17116	15.63914
4.8	1.0458	1	0.16887	15.64414
4.825	1.0543	1	0.16655	15.64919
4.85	1.06225	1	0.1642	15.6543
4.875	1.06953	1	0.16184	15.65947
4.9	1.07605	1	0.15944	15.66469
4.925	1.08166	1	0.15702	15.66996
4.95	1.08615	1	0.15458	15.67528
4.975	1.08927	1	0.15211	15.68065
5	1.0909	1	0.14962	15.68608
5.025	1.09102	1	0.1471	15.69155
5.05	1.08973	1	0.14456	15.69707
5.075	1.08721	1	0.142	15.70264
5.1	1.08363	1	0.13942	15.70825
5.125	1.07915	1	0.13682	15.71391
5.15	1.07397	1	0.13419	15.71961
5.175	1.0682	1	0.13154	15.72536
5.2	1.06198	1	0.12888	15.73115
5.225	1.05546	1	0.12619	15.73699
5.25	1.04874	1	0.12348	15.74286
5.275	1.04192	1	0.12075	15.74877
5.3	1.03511	1	0.11801	15.75473
5.325	1.0284	1	0.11524	15.76072
5.35	1.02188	1	0.11246	15.76675
5.375	1.01564	1	0.10966	15.77281
5.4	1.00973	1	0.10684	15.77892
5.425	1.00421	1	0.10401	15.78505
5.45	0.99919	1	0.10116	15.79122
5.475	0.99474	1	0.0983	15.79742
5.5	0.9909	1	0.09542	15.80366
5.525	0.98769	1	0.09252	15.80992
5.55	0.98507	1	0.08961	15.81621
5.575	0.98298	1	0.08668	15.82254
5.6	0.98135	1	0.08375	15.82889
5.625	0.98012	1	0.0808	15.83526
5.65	0.97924	1	0.07783	15.84167
5.675	0.97863	1	0.07486	15.84809
5.7	0.97824	1	0.07187	15.85455
5.725	0.97804	1	0.06887	15.86102
5.75	0.97796	1	0.06586	15.86752
5.775	0.97797	1	0.06284	15.87403
5.8	0.97803	1	0.05981	15.88057
5.825	0.97811	1	0.05677	15.88712
5.85	0.9782	1	0.05373	15.8937
5.875	0.97826	1	0.05067	15.90029
5.9	0.97828	1	0.04761	15.90689
5.925	0.97824	1	0.04453	15.91351
5.95	0.97817	1	0.04146	15.92014
5.975	0.97808	1	0.03837	15.92679
6	0.97796	1	0.03528	15.93344
6.025	0.97783	1	0.03218	15.94011
6.05	0.97768	1	0.02908	15.94679
6.075	0.97749	1	0.02598	15.95347
6.1	0.97726	1	0.02287	15.96016
6.125	0.97698	1	0.01975	15.96686
6.15	0.97667	1	0.01664	15.97357
6.175	0.97632	1	0.01352	15.98027
6.2	0.97594	1	0.0104	15.98698
6.225	0.97557	1	0.00727	15.9937
6.25	0.97522	1	0.00415	16.00041
6.275	0.97491	1	0.00102	16.00712
6.3	0.97465	1	-0.0021	16.01384
6.325	0.9745	1	-0.00523	16.02055
6.35	0.97448	1	-0.00835	16.02725
6.375	0.97462	1	-0.01147	16.03396
6.4	0.97495	1	-0.01459	16.04065
6.425	0.9755	1	-0.01771	16.04734
6.45	0.97631	1	-0.02083	16.05403
6.475	0.97744	1	-0.02394	16.0607
6.5	0.97892	1	-0.02705	16.06737
6.525	0.98075	1	-0.03015	16.07402
6.55	0.98291	1	-0.03325	16.08067
6.575	0.98538	1	-0.03635	16.0873
6.6	0.98813	1	-0.03944	16.09392
6.625	0.9911	1	-0.04252	16.10052
6.65	0.99423	1	-0.0456	16.10711
6.675	0.99753	1	-0.04866	16.11368
6.7	1.00093	1	-0.05173	16.12023
6.725	1.00439	1	-0.05478	16.12676
6.75	1.00785	1	-0.05782	16.13328
6.775	1.0113	1	-0.06086	16.13977
6.8	1.01468	1	-0.06389	16.14624
6.825	1.01795	1	-0.0669	16.15269
6.85	1.02103	1	-0.06991	16.15912
6.875	1.02387	1	-0.0729	16.16552
6.9	1.02646	1	-0.07589	16.17189
6.925	1.02873	1	-0.07886	16.17824
6.95	1.0306	1	-0.08182	16.18456
6.975	1.03199	1	-0.08476	16.19085
7	1.03281	1	-0.0877	16.19711
7.025	1.03307	1	-0.09062	16.20334
7.05	1.03284	1	-0.09352	16.20953
7.075	1.03212	1	-0.09641	16.2157
7.1	1.03099	1	-0.09929	16.22183
7.125	1.02954	1	-0.10215	16.22793
7.15	1.0278	1	-0.10499	16.23399
7.175	1.02582	1	-0.10782	16.24001
7.2	1.02367	1	-0.11063	16.246
7.225	1.02141	1	-0.11342	16.25195
7.25	1.01904	1	-0.1162	16.25786
7.275	1.01664	1	-0.11896	16.26373
7.3	1.0142	1	-0.1217	16.26956
7.325	1.01179	1	-0.12442	16.27534
7.35	1.00945	1	-0.12712	16.28109
7.375	1.00717	1	-0.1298	16.28678
7.4	1.00502	1	-0.13246	16.29244
7.425	1.00301	1	-0.1351	16.29805
7.45	1.00116	1	-0.13772	16.30361
7.475	0.99951	1	-0.14031	16.30912
7.5	0.99808	1	-0.14289	16.31459
7.525	0.99686	1	-0.14544	16.32001
7.55	0.99587	1	-0.14797	16.32537
7.575	0.99507	1	-0.15048	16.33069
7.6	0.99442	1	-0.15296	16.33595
7.625	0.99392	1	-0.15542	16.34116
7.65	0.99354	1	-0.15786	16.34632
7.675	0.99326	1	-0.16027	16.35143
7.7	0.99307	1	-0.16266	16.35648
7.725	0.99293	1	-0.16502	16.36147
7.75	0.99284	1	-0.16735	16.36641
7.775	0.99278	1	-0.16966	16.37129
7.8	0.99274	1	-0.17194	16.37611
7.825	0.99273	1	-0.1742	16.38087
7.85	0.9927	1	-0.17642	16.38558
7.875	0.99267	1	-0.17862	16.39022
7.9	0.99259	1	-0.1808	16.3948
7.925	0.99251	1	-0.18294	16.39933
7.95	0.99243	1	-0.18506	16.40378
7.975	0.99234	1	-0.18714	16.40818
8	0.99225	1	-0.1892	16.41251
8.025	0.99213	1	-0.19123	16.41678
8.05	0.99199	1	-0.19323	16.42098
8.075	0.99186	1	-0.19519	16.42512
8.1	0.99171	1	-0.19713	16.42919
8.125	0.99157	1	-0.19904	16.43319
8.15	0.99141	1	-0.20091	16.43712
8.175	0.99122	1	-0.20276	16.44099
8.2	0.99101	1	-0.20457	16.44479
8.225	0.99083	1	-0.20635	16.44852
8.25	0.99065	1	-0.2081	16.45218
8.275	0.99048	1	-0.20981	16.45576
8.3	0.99033	1	-0.2115	16.45928
8.325	0.99021	1	-0.21315	16.46273
8.35	0.99015	1	-0.21476	16.4661
8.375	0.99016	1	-0.21634	16.4694
8.4	0.99024	1	-0.21789	16.47262
8.425	0.99038	1	-0.21941	16.47578
8.45	0.99062	1	-0.22089	16.47885
8.475	0.99098	1	-0.22234	16.48186
8.5	0.9915	1	-0.22375	16.48479
8.525	0.99213	1	-0.22512	16.48764
8.55	0.99289	1	-0.22647	16.49041
8.575	0.99378	1	-0.22777	16.49311
8.6	0.99477	1	-0.22904	16.49574
8.625	0.99584	1	-0.23028	16.49828
8.65	0.99699	1	-0.23147	16.50075
8.675	0.99819	1	-0.23264	16.50314
8.7	0.99945	1	-0.23376	16.50545
8.725	1.00073	1	-0.23485	16.50768
8.75	1.00204	1	-0.23591	16.50983
8.775	1.00335	1	-0.23692	16.5119
8.8	1.00462	1	-0.2379	16.51389
8.825	1.00586	1	-0.23884	16.51581
8.85	1.00704	1	-0.23975	16.51764
8.875	1.00815	1	-0.24061	16.51939
8.9	1.00917	1	-0.24144	16.52106
8.925	1.01008	1	-0.24223	16.52265
8.95	1.01083	1	-0.24299	16.52415
8.975	1.01142	1	-0.2437	16.52558
9	1.0118	1	-0.24438	16.52692
9.025	1.01197	1	-0.24502	16.52818
9.05	1.01195	1	-0.24562	16.52936
9.075	1.01176	1	-0.24619	16.53045
9.1	1.01143	1	-0.24671	16.53146
9.125	1.01097	1	-0.2472	16.53239
9.15	1.0104	1	-0.24764	16.53324
9.175	1.00972	1	-0.24805	16.534
9.2	1.00897	1	-0.24842	16.53468
9.225	1.00818	1	-0.24875	16.53527
9.25	1.00737	1	-0.24905	16.53578
9.275	1.00653	1	-0.2493	16.53621
9.3	1.00567	1	-0.24951	16.53656
9.325	1.00481	1	-0.24969	16.53682
9.35	1.00395	1	-0.24983	16.53699
9.375	1.00313	1	-0.24992	16.53709
9.4	1.00234	1	-0.24998	16.53709
9.425	1.00162	1	-0.25	16.53702
9.45	1.00094	1	-0.24998	16.53686
9.475	1.00033	1	-0.24992	16.53662
9.5	0.99979	1	-0.24982	16.53629
9.525	0.99933	1	-0.24969	16.53588
9.55	0.99895	1	-0.24951	16.53538
9.575	0.99864	1	-0.2493	16.53481
9.6	0.99839	1	-0.24904	16.53414
9.625	0.99818	1	-0.24875	16.5334
9.65	0.99804	1	-0.24842	16.53257
9.675	0.99793	1	-0.24805	16.53166
9.7	0.99782	1	-0.24764	16.53066
9.725	0.99774	1	-0.24719	16.52959
9.75	0.99768	1	-0.2467	16.52843
9.775	0.99764	1	-0.24618	16.52718
9.8	0.99763	1	-0.24561	16.52586
9.825	0.99761	1	-0.24501	16.52445
9.85	0.99758	1	-0.24437	16.52296
9.875	0.99753	1	-0.24369	16.52139
9.9	0.99747	1	-0.24298	16.51974
9.925	0.99743	1	-0.24222	16.518
9.95	0.99739	1	-0.24143	16.51619
9.975	0.99735	1	-0.2406	16.51429
10	0.99729	1	-0.23973	16.51232
10.025	0.99723	1	-0.23883	16.51026
10.05	0.99715	1	-0.23788	16.50813
10.075	0.99708	1	-0.2369	16.50591
10.1	0.99701	1	-0.23589	16.50362
10.125	0.99694	1	-0.23483	16.50124
10.15	0.99687	1	-0.23374	16.49879
10.175	0.99678	1	-0.23262	16.49626
10.2	0.99669	1	-0.23145	16.49366
10.225	0.99658	1	-0.23025	16.49097
10.25	0.99649	1	-0.22902	16.48821
10.275	0.99641	1	-0.22775	16.48538
10.3	0.99634	1	-0.22644	16.48246
10.325	0.99629	1	-0.2251	16.47948
10.35	0.99625	1	-0.22372	16.47641
10.375	0.99622	1	-0.22231	16.47328
10.4	0.99621	1	-0.22086	16.47007
10.425	0.99625	1	-0.21938	16.46678
10.45	0.99632	1	-0.21787	16.46342
10.475	0.99645	1	-0.21632	16.45999
10.5	0.99661	1	-0.21473	16.45649
10.525	0.99683	1	-0.21312	16.45292
10.55	0.9971	1	-0.21147	16.44927
10.575	0.9974	1	-0.20978	16.44556
10.6	0.99775	1	-0.20807	16.44178
10.625	0.99814	1	-0.20632	16.43792
10.65	0.99856	1	-0.20454	16.434
10.675	0.99902	1	-0.20272	16.43001
10.7	0.99948	1	-0.20088	16.42596
10.725	0.99994	1	-0.199	16.42184
10.75	1.00042	1	-0.1971	16.41765
10.775	1.00091	1	-0.19516	16.41339
10.8	1.0014	1	-0.19319	16.40907
10.825	1.00188	1	-0.19119	16.40469
10.85	1.00233	1	-0.18916	16.40025
10.875	1.00275	1	-0.18711	16.39574
10.9	1.00314	1	-0.18502	16.39117
10.925	1.00349	1	-0.1829	16.38654
10.95	1.00381	1	-0.18076	16.38185
10.975	1.00406	1	-0.17859	16.37709
11	1.00422	1	-0.17639	16.37228
11.025	1.00431	1	-0.17416	16.36742
11.05	1.00433	1	-0.1719	16.36249
11.075	1.00429	1	-0.16962	16.35751
11.1	1.0042	1	-0.16731	16.35247
11.125	1.00405	1	-0.16497	16.34738
11.15	1.00386	1	-0.16261	16.34223
11.175	1.00364	1	-0.16023	16.33703
11.2	1.00339	1	-0.15782	16.33177
11.225	1.00312	1	-0.15538	16.32647
11.25	1.00283	1	-0.15292	16.32111
11.275	1.00253	1	-0.15044	16.3157
11.3	1.00222	1	-0.14793	16.31025
11.325	1.00192	1	-0.1454	16.30474
11.35	1.00162	1	-0.14284	16.29919
11.375	1.00133	1	-0.14027	16.29359
11.4	1.00104	1	-0.13767	16.28795
11.425	1.00077	1	-0.13505	16.28226
11.45	1.00052	1	-0.13241	16.27653
11.475	1.0003	1	-0.12975	16.27075
11.5	1.0001	1	-0.12707	16.26493
11.525	0.99993	1	-0.12437	16.25907
11.55	0.99979	1	-0.12165	16.25317
11.575	0.99967	1	-0.11891	16.24723
11.6	0.99957	1	-0.11615	16.24125
11.625	0.99949	1	-0.11337	16.23523
11.65	0.99942	1	-0.11058	16.22918
11.675	0.99937	1	-0.10777	16.22309
11.7	0.99934	1	-0.10494	16.21696
11.725	0.9993	1	-0.1021	16.2108
11.75	0.99928	1	-0.09924	16.20461
11.775	0.99926	1	-0.09636	16.19839
11.8	0.99924	1	-0.09347	16.19213
11.825	0.99922	1	-0.09056	16.18585
11.85	0.9992	1	-0.08764	16.17954
11.875	0.99918	1	-0.08471	16.17319
11.9	0.99916	1	-0.08176	16.16683
11.925	0.99914	1	-0.0788	16.16043
11.95	0.99912	1	-0.07583	16.15401
11.975	0.9991	1	-0.07285	16.14757
12	0.99906	1	-0.06985	16.1411
12.025	0.99902	1	-0.06685	16.13461
12.05	0.99899	1	-0.06383	16.1281
12.075	0.99896	1	-0.06081	16.12157
12.1	0.99894	1	-0.05777	16.11502
12.125	0.99891	1	-0.05472	16.10846
12.15	0.99887	1	-0.05167	16.10187
12.175	0.99882	1	-0.04861	16.09527
12.2	0.99877	1	-0.04554	16.08866
12.225	0.99873	1	-0.04246	16.08203
12.25	0.9987	1	-0.03938	16.07539
12.275	0.99867	1	-0.03629	16.06874
12.3	0.99863	1	-0.0332	16.06207
12.325	0.9986	1	-0.0301	16.0554
12.35	0.99857	1	-0.02699	16.04872
12.375	0.99855	1	-0.02388	16.04203
12.4	0.99854	1	-0.02077	16.03533
12.425	0.99855	1	-0.01766	16.02863
12.45	0.99857	1	-0.01454	16.02192
12.475	0.99861	1	-0.01142	16.01521
12.5	0.99867	1	-0.00829	16.0085
12.525	0.99874	1	-0.00517	16.00179
12.55	0.99883	1	-0.00205	15.99507
12.575	0.99893	1	0.00108	15.98836
12.6	0.99905	1	0.0042	15.98165
12.625	0.9992	1	0.00733	15.97494
12.65	0.99936	1	0.01045	15.96824
12.675	0.99952	1	0.01357	15.96154
12.7	0.99969	1	0.01669	15.95485
12.725	0.99985	1	0.01981	15.94816
12.75	1.00003	1	0.02292	15.94148
12.775	1.00021	1	0.02603	15.93481
12.8	1.0004	1	0.02914	15.92815
12.825	1.00059	1	0.03224	15.92151
12.85	1.00076	1	0.03533	15.91487
12.875	1.00092	1	0.03843	15.90825
12.9	1.00107	1	0.04151	15.90164
12.925	1.0012	1	0.04459	15.89505
12.95	1.00133	1	0.04766	15.88847
12.975	1.00143	1	0.05072	15.88191
13	1.00151	1	0.05378	15.87537
13.025	1.00155	1	0.05683	15.86885
13.05	1.00157	1	0.05987	15.86235
13.075	1.00156	1	0.0629	15.85587
13.1	1.00152	1	0.06592	15.84942
13.125	1.00148	1	0.06892	15.84299
13.15	1.00143	1	0.07192	15.83658
13.175	1.00136	1	0.07491	15.83019
13.2	1.00128	1	0.07789	15.82384
13.225	1.00118	1	0.08085	15.81751
13.25	1.00108	1	0.0838	15.81121
13.275	1.00097	1	0.08674	15.80494
13.3	1.00086	1	0.08966	15.7987
13.325	1.00076	1	0.09257	15.79249
13.35	1.00066	1	0.09547	15.78632
13.375	1.00055	1	0.09835	15.78017
13.4	1.00045	1	0.10121	15.77406
13.425	1.00035	1	0.10406	15.76799
13.45	1.00025	1	0.1069	15.76195
13.475	1.00016	1	0.10971	15.75595
13.5	1.0001	1	0.11251	15.74999
13.525	1.00004	1	0.11529	15.74407
13.55	1	1	0.11806	15.73819
13.575	0.99995	1	0.1208	15.73235
13.6	0.9999	1	0.12353	15.72655
13.625	0.99986	1	0.12624	15.72079
13.65	0.99983	1	0.12892	15.71508
13.675	0.99982	1	0.13159	15.70941
13.7	0.99982	1	0.13424	15.70378
13.725	0.99981	1	0.13686	15.69821
13.75	0.99979	1	0.13947	15.69268
13.775	0.99977	1	0.14205	15.6872
13.8	0.99975	1	0.14461	15.68176
13.825	0.99975	1	0.14715	15.67638
13.85	0.99975	1	0.14966	15.67105
13.875	0.99974	1	0.15215	15.66577
13.9	0.99974	1	0.15462	15.66054
13.925	0.99973	1	0.15707	15.65536
13.95	0.99971	1	0.15948	15.65024
13.975	0.99968	1	0.16188	15.64517
14	0.99966	1	0.16425	15.64016
14.025	0.99966	1	0.16659	15.6352
14.05	0.99966	1	0.16891	15.6303
14.075	0.99966	1	0.1712	15.62546
14.1	0.99964	1	0.17346	15.62068
14.125	0.99961	1	0.1757	15.61596
14.15	0.99957	1	0.17791	15.61129
14.175	0.99955	1	0.18009	15.60669
14.2	0.99955	1	0.18224	15.60215
14.225	0.99955	1	0.18437	15.59767
14.25	0.99955	1	0.18646	15.59325
14.275	0.99952	1	0.18853	15.5889
14.3	0.99948	1	0.19057	15.58461
14.325	0.99945	1	0.19258	15.58039
14.35	0.99944	1	0.19455	15.57623
14.375	0.99945	1	0.1965	15.57214
14.4	0.99946	1	0.19842	15.56811
14.425	0.99947	1	0.2003	15.56416
14.45	0.99946	1	0.20216	15.56027
14.475	0.99945	1	0.20398	15.55645
14.5	0.99945	1	0.20577	15.5527
14.525	0.99948	1	0.20753	15.54901
14.55	0.99953	1	0.20926	15.5454
14.575	0.99959	1	0.21095	15.54186
14.6	0.99964	1	0.21261	15.53839
14.625	0.99968	1	0.21424	15.535
14.65	0.99971	1	0.21583	15.53167
14.675	0.99976	1	0.21739	15.52842
14.7	0.99982	1	0.21892	15.52525
14.725	0.9999	1	0.22041	15.52215
14.75	0.99998	1	0.22187	15.51912
14.775	1.00006	1	0.22329	15.51616
14.8	1.00012	1	0.22468	15.51329
14.825	1.00017	1	0.22603	15.51049
14.85	1.00022	1	0.22735	15.50776
14.875	1.00028	1	0.22863	15.50511
14.9	1.00035	1	0.22988	15.50254
14.925	1.00042	1	0.23109	15.50005
14.95	1.00048	1	0.23226	15.49764
14.975	1.00052	1	0.2334	15.4953
15	1.00054	1	0.2345	15.49304
15.025	1.00054	1	0.23556	15.49087
15.05	1.00054	1	0.23659	15.48877
15.075	1.00055	1	0.23758	15.48675
15.1	1.00056	1	0.23854	15.48481
15.125	1.00057	1	0.23945	15.48295
15.15	1.00054	1	0.24033	15.48118
15.175	1.0005	1	0.24118	15.47948
15.2	1.00046	1	0.24198	15.47787
15.225	1.00043	1	0.24275	15.47633
15.25	1.00041	1	0.24347	15.47488
15.275	1.00038	1	0.24416	15.47351
15.3	1.00034	1	0.24482	15.47223
15.325	1.00029	1	0.24543	15.47102
15.35	1.00026	1	0.24601	15.4699
15.375	1.00023	1	0.24654	15.46886
15.4	1.00019	1	0.24704	15.4679
15.425	1.00014	1	0.2475	15.46703
15.45	1.00009	1	0.24792	15.46624
15.475	1.00007	1	0.24831	15.46554
15.5	1.00006	1	0.24865	15.46491
15.525	1.00006	1	0.24895	15.46437
15.55	1.00004	1	0.24922	15.46392
15.575	1	1	0.24945	15.46355
15.6	0.99997	1	0.24964	15.46326
15.625	0.99995	1	0.24978	15.46306
15.65	0.99995	1	0.2499	15.46294
15.675	0.99996	1	0.24997	15.4629
15.7	0.99997	1	0.25	15.46295
15.725	0.99996	1	0.24999	15.46308
15.75	0.99994	1	0.24994	15.46329
15.775	0.99992	1	0.24986	15.46359
15.8	0.99991	1	0.24974	15.46398
15.825	0.99991	1	0.24957	15.46444
15.85	0.99992	1	0.24937	15.46499
15.875	0.99994	1	0.24913	15.46563
15.9	0.99994	1	0.24885	15.46635
15.925	0.99992	1	0.24853	15.46715
15.95	0.99989	1	0.24817	15.46803
15.975	0.99987	1	0.24777	15.469
16	0.99987	1	0.24734	15.47005
16.025	0.99989	1	0.24687	15.47118
16.05	0.9999	1	0.24635	15.4724
16.075	0.9999	1	0.2458	15.4737
16.1	0.99988	1	0.24521	15.47508
16.125	0.99985	1	0.24458	15.47654
16.15	0.99983	1	0.24392	15.47809
16.175	0.99982	1	0.24321	15.47971
16.2	0.99984	1	0.24247	15.48142
16.225	0.99985	1	0.24169	15.48321
16.25	0.99986	1	0.24087	15.48508
16.275	0.99983	1	0.24002	15.48703
16.3	0.9998	1	0.23913	15.48906
16.325	0.99977	1	0.2382	15.49117
16.35	0.99977	1	0.23723	15.49335
16.375	0.99979	1	0.23622	15.49562
16.4	0.99982	1	0.23518	15.49797
16.425	0.99983	1	0.2341	15.5004
16.45	0.9998	1	0.23299	15.5029
16.475	0.99977	1	0.23184	15.50548
16.5	0.99976	1	0.23065	15.50814
16.525	0.99978	1	0.22943	15.51087
16.55	0.99982	1	0.22817	15.51369
16.575	0.99986	1	0.22687	15.51657
16.6	0.99987	1	0.22554	15.51954
16.625	0.99987	1	0.22418	15.52257
16.65	0.99987	1	0.22278	15.52569
16.675	0.99988	1	0.22134	15.52887
16.7	0.9999	1	0.21987	15.53214
16.725	0.99995	1	0.21837	15.53547
16.75	0.99999	1	0.21683	15.53888
16.775	1.00003	1	0.21526	15.54235
16.8	1.00004	1	0.21365	15.5459
16.825	1.00004	1	0.21201	15.54952
16.85	1.00004	1	0.21034	15.55322
16.875	1.00007	1	0.20863	15.55698
16.9	1.00012	1	0.20689	15.56081
16.925	1.00017	1	0.20512	15.56471
16.95	1.00019	1	0.20332	15.56867
16.975	1.00019	1	0.20149	15.57271
17	1.00017	1	0.19962	15.57681
17.025	1.00016	1	0.19772	15.58097
17.05	1.00018	1	0.1958	15.58521
17.075	1.00021	1	0.19384	15.5895
17.1	1.00023	1	0.19185	15.59387
17.125	1.00022	1	0.18983	15.59829
17.15	1.00019	1	0.18778	15.60278
17.175	1.00016	1	0.18571	15.60733
17.2	1.00015	1	0.1836	15.61194
17.225	1.00016	1	0.18146	15.61661
17.25	1.00017	1	0.1793	15.62134
17.275	1.00016	1	0.17711	15.62613
17.3	1.00014	1	0.17489	15.63098
17.325	1.00011	1	0.17264	15.63589
17.35	1.00008	1	0.17037	15.64086
17.375	1.00007	1	0.16807	15.64588
17.4	1.00007	1	0.16574	15.65095
17.425	1.00007	1	0.16339	15.65608
17.45	1.00007	1	0.16101	15.66126
17.475	1.00005	1	0.15861	15.6665
17.5	1.00003	1	0.15618	15.67179
17.525	1	1	0.15373	15.67713
17.55	0.99999	1	0.15125	15.68252
17.575	1	1	0.14875	15.68796
17.6	1.00001	1	0.14623	15.69345
17.625	1.00002	1	0.14368	15.69898
17.65	1.00001	1	0.14111	15.70457
17.675	0.99999	1	0.13852	15.7102
17.7	0.99997	1	0.13591	15.71587
17.725	0.99997	1	0.13328	15.72159
17.75	0.99998	1	0.13062	15.72736
17.775	0.99999	1	0.12795	15.73316
17.8	1	1	0.12526	15.73901
17.825	0.99999	1	0.12254	15.7449
17.85	0.99997	1	0.11981	15.75082
17.875	0.99995	1	0.11706	15.75679
17.9	0.99996	1	0.11429	15.7628
17.925	0.99998	1	0.1115	15.76884
17.95	0.99999	1	0.10869	15.77492
17.975	0.99999	1	0.10587	15.78103
18	0.99996	1	0.10303	15.78718
18.025	0.99994	1	0.10017	15.79336
18.05	0.99994	1	0.0973	15.79957
18.075	0.99996	1	0.09442	15.80581
18.1	0.99997	1	0.09152	15.81209
18.125	0.99997	1	0.0886	15.81839
18.15	0.99995	1	0.08567	15.82473
18.175	0.99993	1	0.08273	15.83109
18.2	0.99993	1	0.07977	15.83747
18.225	0.99993	1	0.07681	15.84388
18.25	0.99994	1	0.07383	15.85032
18.275	0.99994	1	0.07084	15.85678
18.3	0.99994	1	0.06783	15.86326
18.325	0.99993	1	0.06482	15.86976
18.35	0.99992	1	0.0618	15.87629
18.375	0.99992	1	0.05876	15.88283
18.4	0.99992	1	0.05572	15.88939
18.425	0.99992	1	0.05267	15.89597
18.45	0.99992	1	0.04961	15.90256
18.475	0.99992	1	0.04655	15.90917
18.5	0.99993	1	0.04347	15.9158
18.525	0.99993	1	0.04039	15.92243
18.55	0.99992	1	0.0373	15.92908
18.575	0.99993	1	0.03421	15.93574
18.6	0.99993	1	0.03111	15.94241
18.625	0.99995	1	0.02801	15.94909
18.65	0.99996	1	0.0249	15.95578
18.675	0.99996	1	0.02179	15.96248
18.7	0.99996	1	0.01868	15.96918
18.725	0.99997	1	0.01556	15.97588
18.75	0.99999	1	0.01244	15.98259
18.775	1	1	0.00932	15.9893
18.8	1.00001	1	0.00619	15.99601
18.825	1	1	0.00307	16.00273
18.85	1	1	-5.55098e-5	16.00944
18.875	1.00002	1	-0.00318	16.01615
18.9	1.00005	1	-0.0063	16.02286
18.925	1.00007	1	-0.00943	16.02957
18.95	1.00007	1	-0.01255	16.03627
18.975	1.00005	1	-0.01567	16.04296
19	1.00004	1	-0.01879	16.04965
19.025	1.00005	1	-0.0219	16.05633
19.05	1.00007	1	-0.02501	16.06301
19.075	1.0001	1	-0.02812	16.06967
19.1	1.0001	1	-0.03122	16.07632
19.125	1.00008	1	-0.03432	16.08296
19.15	1.00005	1	-0.03741	16.08959
19.175	1.00003	1	-0.0405	16.0962
19.2	1.00005	1	-0.04358	16.1028
19.225	1.00008	1	-0.04666	16.10938
19.25	1.00009	1	-0.04972	16.11594
19.275	1.00007	1	-0.05278	16.12249
19.3	1.00004	1	-0.05583	16.12901
19.325	1.00001	1	-0.05887	16.13552
19.35	1.00002	1	-0.0619	16.14201
19.375	1.00004	1	-0.06493	16.14847
19.4	1.00005	1	-0.06794	16.15491
19.425	1.00005	1	-0.07094	16.16133
19.45	1.00003	1	-0.07393	16.16772
19.475	1	1	-0.07691	16.17408
19.5	0.99999	1	-0.07988	16.18042
19.525	0.99999	1	-0.08283	16.18673
19.55	1.00001	1	-0.08578	16.19301
19.575	1.00003	1	-0.08871	16.19926
19.6	1.00003	1	-0.09162	16.20548
19.625	1.00001	1	-0.09452	16.21167
19.65	0.99999	1	-0.09741	16.21782
19.675	0.99997	1	-0.10028	16.22394
19.7	0.99997	1	-0.10313	16.23002
19.725	1	1	-0.10597	16.23607
19.75	1.00002	1	-0.10879	16.24208
19.775	1.00003	1	-0.1116	16.24806
19.8	1.00001	1	-0.11438	16.25399
19.825	0.99997	1	-0.11715	16.25989
19.85	0.99996	1	-0.11991	16.26574
19.875	0.99997	1	-0.12264	16.27156
19.9	1	1	-0.12535	16.27733
19.925	1.00002	1	-0.12805	16.28306
19.95	1.00002	1	-0.13072	16.28874
19.975	0.99999	1	-0.13337	16.29438
20	0.99996	1	-0.13601	16.29997