%Time	w1, Point: 2	C(z) (1), Point: 2	w3, Point: 2	Gamma, Point: 2
0	0	2.49153	1	2.67031
0.01	0.02	1.47353	1	2.74553
0.02	0.03999	1.00224	1	2.81931
0.03	0.05996	0.67655	1	2.89163
0.04	0.07991	0.44275	1	2.96246
0.05	0.09983	0.27258	1	3.03178
0.06	0.11971	0.14834	1	3.09954
0.07	0.13954	0.05823	1	3.16574
0.08	0.15932	-0.006	1	3.23033
0.09	0.17903	-0.05031	1	3.2933
0.1	0.19867	-0.07914	1	3.35462
0.11	0.21823	-0.09587	1	3.41426
0.12	0.2377	-0.10311	1	3.47221
0.13	0.25708	-0.10287	1	3.52843
0.14	0.27636	-0.09677	1	3.5829
0.15	0.29552	-0.08607	1	3.63562
0.16	0.31457	-0.07177	1	3.68654
0.17	0.33349	-0.05468	1	3.73565
0.18	0.35227	-0.03544	1	3.78294
0.19	0.37092	-0.01455	1	3.82838
0.2	0.38942	0.00757	1	3.87196
0.21	0.40776	0.0306	1	3.91366
0.22	0.42594	0.05427	1	3.95345
0.23	0.44395	0.07837	1	3.99133
0.24	0.46178	0.10274	1	4.02729
0.25	0.47943	0.12723	1	4.06129
0.26	0.49688	0.15175	1	4.09334
0.27	0.51414	0.1762	1	4.12342
0.28	0.53119	0.20051	1	4.15152
0.29	0.54802	0.22462	1	4.17762
0.3	0.56464	0.2485	1	4.20172
0.31	0.58104	0.2721	1	4.2238
0.32	0.5972	0.29538	1	4.24387
0.33	0.61312	0.31834	1	4.2619
0.34	0.62879	0.34094	1	4.27789
0.35	0.64422	0.36317	1	4.29184
0.36	0.65938	0.38502	1	4.30374
0.37	0.67429	0.40648	1	4.31358
0.38	0.68892	0.42753	1	4.32136
0.39	0.70328	0.44818	1	4.32709
0.4	0.71736	0.46841	1	4.33075
0.41	0.73115	0.48821	1	4.33234
0.42	0.74464	0.50759	1	4.33187
0.43	0.75784	0.52653	1	4.32933
0.44	0.77074	0.54503	1	4.32472
0.45	0.78333	0.5631	1	4.31806
0.46	0.7956	0.58072	1	4.30933
0.47	0.80756	0.5979	1	4.29854
0.48	0.81919	0.61463	1	4.28571
0.49	0.8305	0.63091	1	4.27082
0.5	0.84147	0.64674	1	4.2539
0.51	0.85211	0.66212	1	4.23494
0.52	0.8624	0.67704	1	4.21395
0.53	0.87236	0.6915	1	4.19094
0.54	0.88196	0.70551	1	4.16592
0.55	0.89121	0.71906	1	4.13891
0.56	0.9001	0.73215	1	4.1099
0.57	0.90863	0.74477	1	4.07892
0.58	0.9168	0.75694	1	4.04597
0.59	0.92461	0.76863	1	4.01107
0.6	0.93204	0.77987	1	3.97424
0.61	0.9391	0.79064	1	3.93548
0.62	0.94578	0.80094	1	3.89481
0.63	0.95209	0.81078	1	3.85225
0.64	0.95802	0.82015	1	3.80782
0.65	0.96356	0.82905	1	3.76153
0.66	0.96872	0.83748	1	3.7134
0.67	0.97348	0.84545	1	3.66346
0.68	0.97786	0.85295	1	3.61171
0.69	0.98185	0.85998	1	3.55819
0.7	0.98545	0.86655	1	3.50291
0.71	0.98865	0.87265	1	3.4459
0.72	0.99146	0.87829	1	3.38717
0.73	0.99387	0.88345	1	3.32676
0.74	0.99588	0.88816	1	3.26469
0.75	0.99749	0.8924	1	3.20097
0.76	0.99871	0.89617	1	3.13564
0.77	0.99953	0.89949	1	3.06872
0.78	0.99994	0.90234	1	3.00024
0.79	0.99996	0.90474	1	2.93023
0.8	0.99957	0.90667	1	2.85872
0.81	0.99879	0.90815	1	2.78572
0.82	0.99761	0.90918	1	2.71128
0.83	0.99602	0.90975	1	2.63542
0.84	0.99404	0.90988	1	2.55818
0.85	0.99166	0.90955	1	2.47957
0.86	0.98889	0.90877	1	2.39965
0.87	0.98572	0.90756	1	2.31843
0.88	0.98215	0.9059	1	2.23594
0.89	0.9782	0.9038	1	2.15223
0.9	0.97385	0.90126	1	2.06733
0.91	0.96911	0.89829	1	1.98127
0.92	0.96398	0.89489	1	1.89408
0.93	0.95847	0.89106	1	1.8058
0.94	0.95258	0.88681	1	1.71646
0.95	0.9463	0.88214	1	1.6261
0.96	0.93965	0.87705	1	1.53476
0.97	0.93262	0.87154	1	1.44248
0.98	0.92521	0.86563	1	1.34928
0.99	0.91744	0.85931	1	1.25521
1	0.9093	0.85258	1	1.1603
1.01	0.90079	0.84546	1	1.0646
1.02	0.89193	0.83795	1	0.96814
1.03	0.88271	0.83004	1	0.87096
1.04	0.87313	0.82175	1	0.77309
1.05	0.86321	0.81308	1	0.67458
1.06	0.85294	0.80403	1	0.57547
1.07	0.84233	0.79461	1	0.4758
1.08	0.83138	0.78483	1	0.3756
1.09	0.8201	0.77468	1	0.27492
1.1	0.8085	0.76418	1	0.1738
1.11	0.79657	0.75333	1	0.07227
1.12	0.78432	0.74213	1	-0.02962
1.13	0.77175	0.7306	1	-0.13183
1.14	0.75888	0.71873	1	-0.23432
1.15	0.74571	0.70653	1	-0.33705
1.16	0.73223	0.69401	1	-0.43998
1.17	0.71846	0.68118	1	-0.54307
1.18	0.70441	0.66803	1	-0.64627
1.19	0.69007	0.65458	1	-0.74955
1.2	0.67546	0.64083	1	-0.85286
1.21	0.66058	0.62679	1	-0.95616
1.22	0.64543	0.61247	1	-1.05942
1.23	0.63003	0.59787	1	-1.16258
1.24	0.61437	0.583	1	-1.26561
1.25	0.59847	0.56786	1	-1.36847
1.26	0.58233	0.55246	1	-1.47112
1.27	0.56596	0.53682	1	-1.57351
1.28	0.54936	0.52092	1	-1.6756
1.29	0.53253	0.5048	1	-1.77736
1.3	0.5155	0.48844	1	-1.87874
1.31	0.49826	0.47186	1	-1.9797
1.32	0.48082	0.45506	1	-2.0802
1.33	0.46319	0.43806	1	-2.18021
1.34	0.44537	0.42085	1	-2.27967
1.35	0.42738	0.40346	1	-2.37856
1.36	0.40921	0.38587	1	-2.47683
1.37	0.39088	0.36811	1	-2.57444
1.38	0.3724	0.35018	1	-2.67136
1.39	0.35376	0.33209	1	-2.76754
1.4	0.33499	0.31384	1	-2.86294
1.41	0.31608	0.29544	1	-2.95754
1.42	0.29704	0.27691	1	-3.05128
1.43	0.27789	0.25825	1	-3.14414
1.44	0.25862	0.23946	1	-3.23607
1.45	0.23925	0.22055	1	-3.32704
1.46	0.21978	0.20154	1	-3.41702
1.47	0.20023	0.18243	1	-3.50596
1.48	0.1806	0.16323	1	-3.59383
1.49	0.16089	0.14395	1	-3.6806
1.5	0.14112	0.12459	1	-3.76623
1.51	0.12129	0.10517	1	-3.85069
1.52	0.10142	0.08569	1	-3.93394
1.53	0.0815	0.06616	1	-4.01594
1.54	0.06155	0.04658	1	-4.09668
1.55	0.04158	0.02697	1	-4.17611
1.56	0.02159	0.00734	1	-4.25421
1.57	0.00159	-0.01231	1	-4.33093
1.58	-0.01841	-0.03197	1	-4.40626
1.59	-0.0384	-0.05163	1	-4.48015
1.6	-0.05837	-0.07129	1	-4.55259
1.61	-0.07833	-0.09092	1	-4.62354
1.62	-0.09825	-0.11054	1	-4.69298
1.63	-0.11813	-0.13012	1	-4.76087
1.64	-0.13797	-0.14966	1	-4.82719
1.65	-0.15775	-0.16916	1	-4.89191
1.66	-0.17746	-0.1886	1	-4.95501
1.67	-0.19711	-0.20797	1	-5.01646
1.68	-0.21668	-0.22727	1	-5.07624
1.69	-0.23616	-0.2465	1	-5.13432
1.7	-0.25554	-0.26563	1	-5.19068
1.71	-0.27482	-0.28467	1	-5.2453
1.72	-0.294	-0.3036	1	-5.29815
1.73	-0.31305	-0.32242	1	-5.34922
1.74	-0.33199	-0.34113	1	-5.39848
1.75	-0.35078	-0.3597	1	-5.44591
1.76	-0.36944	-0.37814	1	-5.4915
1.77	-0.38795	-0.39644	1	-5.53523
1.78	-0.40631	-0.41459	1	-5.57707
1.79	-0.4245	-0.43258	1	-5.61702
1.8	-0.44252	-0.4504	1	-5.65505
1.81	-0.46037	-0.46806	1	-5.69116
1.82	-0.47803	-0.48553	1	-5.72532
1.83	-0.4955	-0.50282	1	-5.75753
1.84	-0.51277	-0.51991	1	-5.78777
1.85	-0.52984	-0.5368	1	-5.81602
1.86	-0.54669	-0.55349	1	-5.84228
1.87	-0.56333	-0.56996	1	-5.86654
1.88	-0.57974	-0.58621	1	-5.88879
1.89	-0.59592	-0.60223	1	-5.90901
1.9	-0.61186	-0.61802	1	-5.9272
1.91	-0.62755	-0.63356	1	-5.94336
1.92	-0.643	-0.64886	1	-5.95747
1.93	-0.65819	-0.6639	1	-5.96953
1.94	-0.67311	-0.67869	1	-5.97954
1.95	-0.68777	-0.69321	1	-5.98749
1.96	-0.70215	-0.70746	1	-5.99337
1.97	-0.71625	-0.72143	1	-5.9972
1.98	-0.73006	-0.73511	1	-5.99895
1.99	-0.74358	-0.74851	1	-5.99865
2	-0.7568	-0.76161	1	-5.99627
2.01	-0.76972	-0.77442	1	-5.99183
2.02	-0.78234	-0.78691	1	-5.98533
2.03	-0.79464	-0.7991	1	-5.97677
2.04	-0.80662	-0.81098	1	-5.96615
2.05	-0.81828	-0.82253	1	-5.95347
2.06	-0.82961	-0.83376	1	-5.93875
2.07	-0.84061	-0.84466	1	-5.92199
2.08	-0.85127	-0.85522	1	-5.90319
2.09	-0.8616	-0.86545	1	-5.88236
2.1	-0.87158	-0.87533	1	-5.85951
2.11	-0.88121	-0.88487	1	-5.83466
2.12	-0.89048	-0.89406	1	-5.8078
2.13	-0.89941	-0.9029	1	-5.77895
2.14	-0.90797	-0.91137	1	-5.74813
2.15	-0.91617	-0.91949	1	-5.71533
2.16	-0.924	-0.92724	1	-5.68059
2.17	-0.93146	-0.93462	1	-5.64391
2.18	-0.93855	-0.94164	1	-5.6053
2.19	-0.94527	-0.94828	1	-5.56478
2.2	-0.9516	-0.95454	1	-5.52238
2.21	-0.95756	-0.96042	1	-5.47809
2.22	-0.96313	-0.96593	1	-5.43195
2.23	-0.96832	-0.97105	1	-5.38397
2.24	-0.97312	-0.97578	1	-5.33417
2.25	-0.97753	-0.98013	1	-5.28257
2.26	-0.98155	-0.98408	1	-5.22918
2.27	-0.98518	-0.98765	1	-5.17404
2.28	-0.98841	-0.99082	1	-5.11717
2.29	-0.99125	-0.9936	1	-5.05858
2.3	-0.99369	-0.99598	1	-4.9983
2.31	-0.99574	-0.99797	1	-4.93636
2.32	-0.99738	-0.99956	1	-4.87277
2.33	-0.99863	-1.00076	1	-4.80757
2.34	-0.99948	-1.00155	1	-4.74078
2.35	-0.99992	-1.00195	1	-4.67242
2.36	-0.99997	-1.00195	1	-4.60253
2.37	-0.99962	-1.00155	1	-4.53113
2.38	-0.99887	-1.00075	1	-4.45826
2.39	-0.99772	-0.99955	1	-4.38393
2.4	-0.99616	-0.99795	1	-4.30818
2.41	-0.99422	-0.99596	1	-4.23105
2.42	-0.99187	-0.99357	1	-4.15255
2.43	-0.98913	-0.99079	1	-4.07273
2.44	-0.98599	-0.98761	1	-3.99161
2.45	-0.98245	-0.98403	1	-3.90922
2.46	-0.97853	-0.98007	1	-3.82561
2.47	-0.97421	-0.97571	1	-3.7408
2.48	-0.9695	-0.97097	1	-3.65483
2.49	-0.96441	-0.96584	1	-3.56773
2.5	-0.95892	-0.96032	1	-3.47953
2.51	-0.95306	-0.95442	1	-3.39028
2.52	-0.94681	-0.94814	1	-3.3
2.53	-0.94019	-0.94149	1	-3.20874
2.54	-0.93319	-0.93445	1	-3.11653
2.55	-0.92581	-0.92705	1	-3.0234
2.56	-0.91807	-0.91927	1	-2.9294
2.57	-0.90996	-0.91113	1	-2.83456
2.58	-0.90148	-0.90263	1	-2.73892
2.59	-0.89265	-0.89377	1	-2.64251
2.6	-0.88345	-0.88455	1	-2.54539
2.61	-0.87391	-0.87497	1	-2.44757
2.62	-0.86401	-0.86505	1	-2.34912
2.63	-0.85377	-0.85479	1	-2.25005
2.64	-0.84319	-0.84418	1	-2.15042
2.65	-0.83227	-0.83323	1	-2.05027
2.66	-0.82101	-0.82196	1	-1.94962
2.67	-0.80943	-0.81035	1	-1.84853
2.68	-0.79753	-0.79842	1	-1.74704
2.69	-0.7853	-0.78618	1	-1.64517
2.7	-0.77276	-0.77362	1	-1.54299
2.71	-0.75992	-0.76075	1	-1.44052
2.72	-0.74677	-0.74758	1	-1.3378
2.73	-0.73332	-0.73411	1	-1.23489
2.74	-0.71957	-0.72035	1	-1.13181
2.75	-0.70554	-0.7063	1	-1.02862
2.76	-0.69123	-0.69196	1	-0.92534
2.77	-0.67664	-0.67736	1	-0.82203
2.78	-0.66178	-0.66248	1	-0.71873
2.79	-0.64665	-0.64734	1	-0.61547
2.8	-0.63127	-0.63193	1	-0.5123
2.81	-0.61563	-0.61628	1	-0.40925
2.82	-0.59975	-0.60038	1	-0.30638
2.83	-0.58362	-0.58424	1	-0.20371
2.84	-0.56727	-0.56787	1	-0.1013
2.85	-0.55069	-0.55128	1	8.18365e-4
2.86	-0.53388	-0.53446	1	0.1026
2.87	-0.51687	-0.51743	1	0.20401
2.88	-0.49964	-0.50019	1	0.30501
2.89	-0.48222	-0.48275	1	0.40555
2.9	-0.4646	-0.46512	1	0.5056
2.91	-0.4468	-0.44731	1	0.60511
2.92	-0.42882	-0.42931	1	0.70404
2.93	-0.41067	-0.41115	1	0.80236
2.94	-0.39235	-0.39282	1	0.90003
2.95	-0.37388	-0.37434	1	0.997
2.96	-0.35525	-0.3557	1	1.09324
2.97	-0.33649	-0.33693	1	1.18871
2.98	-0.31759	-0.31802	1	1.28337
2.99	-0.29856	-0.29898	1	1.37718
3	-0.27942	-0.27982	1	1.47011
3.01	-0.26016	-0.26055	1	1.56212
3.02	-0.2408	-0.24118	1	1.65317
3.03	-0.22134	-0.22172	1	1.74322
3.04	-0.20179	-0.20216	1	1.83225
3.05	-0.18216	-0.18252	1	1.92021
3.06	-0.16246	-0.16281	1	2.00707
3.07	-0.1427	-0.14304	1	2.09279
3.08	-0.12287	-0.12321	1	2.17734
3.09	-0.103	-0.10333	1	2.26068
3.1	-0.08309	-0.08341	1	2.34279
3.11	-0.06314	-0.06345	1	2.42363
3.12	-0.04317	-0.04348	1	2.50317
3.13	-0.02318	-0.02348	1	2.58137
3.14	-0.00319	-0.00347	1	2.65821
3.15	0.01681	0.01653	1	2.73364
3.16	0.03681	0.03653	1	2.80766
3.17	0.05678	0.05652	1	2.88021
3.18	0.07674	0.07648	1	2.95128
3.19	0.09666	0.09641	1	3.02084
3.2	0.11655	0.1163	1	3.08885
3.21	0.13639	0.13614	1	3.1553
3.22	0.15617	0.15594	1	3.22015
3.23	0.17589	0.17566	1	3.28338
3.24	0.19555	0.19532	1	3.34496
3.25	0.21512	0.2149	1	3.40488
3.26	0.23461	0.23439	1	3.46309
3.27	0.254	0.25379	1	3.51959
3.28	0.27329	0.27309	1	3.57435
3.29	0.29248	0.29228	1	3.62734
3.3	0.31154	0.31135	1	3.67855
3.31	0.33048	0.33029	1	3.72795
3.32	0.34929	0.34911	1	3.77553
3.33	0.36796	0.36778	1	3.82127
3.34	0.38648	0.38631	1	3.86515
3.35	0.40485	0.40468	1	3.90714
3.36	0.42306	0.42289	1	3.94724
3.37	0.44109	0.44093	1	3.98543
3.38	0.45895	0.45879	1	4.02169
3.39	0.47663	0.47647	1	4.05601
3.4	0.49411	0.49396	1	4.08837
3.41	0.5114	0.51125	1	4.11876
3.42	0.52848	0.52834	1	4.14718
3.43	0.54536	0.54521	1	4.1736
3.44	0.56201	0.56187	1	4.19802
3.45	0.57844	0.5783	1	4.22042
3.46	0.59464	0.59451	1	4.24081
3.47	0.6106	0.61047	1	4.25916
3.48	0.62631	0.62619	1	4.27548
3.49	0.64178	0.64166	1	4.28975
3.5	0.65699	0.65687	1	4.30198
3.51	0.67193	0.67182	1	4.31215
3.52	0.68661	0.6865	1	4.32026
3.53	0.70101	0.7009	1	4.32631
3.54	0.71513	0.71502	1	4.3303
3.55	0.72897	0.72886	1	4.33222
3.56	0.74251	0.74241	1	4.33208
3.57	0.75576	0.75566	1	4.32987
3.58	0.76871	0.76861	1	4.3256
3.59	0.78134	0.78125	1	4.31926
3.6	0.79367	0.79357	1	4.31086
3.61	0.80568	0.80558	1	4.3004
3.62	0.81736	0.81727	1	4.28789
3.63	0.82872	0.82863	1	4.27333
3.64	0.83975	0.83966	1	4.25673
3.65	0.85044	0.85035	1	4.23809
3.66	0.86079	0.8607	1	4.21743
3.67	0.87079	0.87071	1	4.19474
3.68	0.88045	0.88037	1	4.17004
3.69	0.88976	0.88968	1	4.14334
3.7	0.89871	0.89863	1	4.11465
3.71	0.9073	0.90722	1	4.08399
3.72	0.91553	0.91545	1	4.05135
3.73	0.92339	0.92332	1	4.01676
3.74	0.93088	0.93081	1	3.98023
3.75	0.938	0.93793	1	3.94178
3.76	0.94474	0.94468	1	3.90141
3.77	0.95111	0.95104	1	3.85915
3.78	0.9571	0.95703	1	3.81502
3.79	0.9627	0.96264	1	3.76903
3.8	0.96792	0.96786	1	3.72119
3.81	0.97275	0.97269	1	3.67153
3.82	0.97719	0.97713	1	3.62007
3.83	0.98124	0.98118	1	3.56683
3.84	0.9849	0.98484	1	3.51183
3.85	0.98817	0.98811	1	3.45509
3.86	0.99104	0.99098	1	3.39664
3.87	0.99351	0.99345	1	3.3365
3.88	0.99559	0.99553	1	3.27468
3.89	0.99726	0.99721	1	3.21123
3.9	0.99854	0.99849	1	3.14615
3.91	0.99942	0.99937	1	3.07949
3.92	0.9999	0.99985	1	3.01125
3.93	0.99998	0.99993	1	2.94149
3.94	0.99966	0.99961	1	2.87021
3.95	0.99894	0.99889	1	2.79745
3.96	0.99782	0.99777	1	2.72323
3.97	0.9963	0.99625	1	2.6476
3.98	0.99439	0.99434	1	2.57057
3.99	0.99207	0.99202	1	2.49218
4	0.98936	0.98931	1	2.41246
4.01	0.98625	0.9862	1	2.33145
4.02	0.98275	0.9827	1	2.24916
4.03	0.97885	0.97881	1	2.16565
4.04	0.97457	0.97452	1	2.08093
4.05	0.96989	0.96984	1	1.99505
4.06	0.96483	0.96478	1	1.90804
4.07	0.95937	0.95933	1	1.81993
4.08	0.95354	0.9535	1	1.73076
4.09	0.94733	0.94728	1	1.64056
4.1	0.94073	0.94069	1	1.54938
4.11	0.93376	0.93372	1	1.45724
4.12	0.92642	0.92637	1	1.36418
4.13	0.9187	0.91866	1	1.27025
4.14	0.91062	0.91058	1	1.17547
4.15	0.90217	0.90213	1	1.07989
4.16	0.89336	0.89333	1	0.98355
4.17	0.8842	0.88416	1	0.88648
4.18	0.87468	0.87464	1	0.78872
4.19	0.86481	0.86478	1	0.69031
4.2	0.8546	0.85456	1	0.5913
4.21	0.84404	0.84401	1	0.49171
4.22	0.83315	0.83311	1	0.39159
4.23	0.82192	0.82189	1	0.29099
4.24	0.81037	0.81033	1	0.18993
4.25	0.79849	0.79845	1	0.08846
4.26	0.78629	0.78625	1	-0.01337
4.27	0.77377	0.77374	1	-0.11553
4.28	0.76095	0.76092	1	-0.21798
4.29	0.74782	0.74779	1	-0.32068
4.3	0.7344	0.73436	1	-0.42358
4.31	0.72068	0.72064	1	-0.52664
4.32	0.70667	0.70663	1	-0.62983
4.33	0.69238	0.69234	1	-0.7331
4.34	0.67781	0.67778	1	-0.83641
4.35	0.66297	0.66294	1	-0.93971
4.36	0.64786	0.64783	1	-1.04298
4.37	0.6325	0.63247	1	-1.14616
4.38	0.61688	0.61685	1	-1.24922
4.39	0.60102	0.60099	1	-1.35211
4.4	0.58492	0.58488	1	-1.45479
4.41	0.56858	0.56855	1	-1.55722
4.42	0.55201	0.55198	1	-1.65936
4.43	0.53523	0.5352	1	-1.76118
4.44	0.51823	0.5182	1	-1.86262
4.45	0.50102	0.50099	1	-1.96365
4.46	0.48361	0.48358	1	-2.06423
4.47	0.46601	0.46598	1	-2.16432
4.48	0.44822	0.44819	1	-2.26387
4.49	0.43026	0.43023	1	-2.36285
4.5	0.41212	0.41209	1	-2.46122
4.51	0.39381	0.39379	1	-2.55894
4.52	0.37535	0.37533	1	-2.65597
4.53	0.35674	0.35671	1	-2.75227
4.54	0.33799	0.33796	1	-2.8478
4.55	0.3191	0.31907	1	-2.94253
4.56	0.30008	0.30006	1	-3.03641
4.57	0.28094	0.28092	1	-3.12941
4.58	0.26169	0.26167	1	-3.22149
4.59	0.24234	0.24232	1	-3.31262
4.6	0.22289	0.22287	1	-3.40276
4.61	0.20335	0.20333	1	-3.49187
4.62	0.18373	0.18371	1	-3.57991
4.63	0.16403	0.16401	1	-3.66686
4.64	0.14427	0.14425	1	-3.75267
4.65	0.12445	0.12443	1	-3.83732
4.66	0.10459	0.10457	1	-3.92076
4.67	0.08468	0.08466	1	-4.00297
4.68	0.06473	0.06471	1	-4.08391
4.69	0.04476	0.04474	1	-4.16355
4.7	0.02478	0.02476	1	-4.24186
4.71	0.00478	0.00476	1	-4.3188
4.72	-0.01522	-0.01524	1	-4.39436
4.73	-0.03521	-0.03523	1	-4.46848
4.74	-0.05519	-0.05521	1	-4.54115
4.75	-0.07515	-0.07517	1	-4.61234
4.76	-0.09508	-0.09509	1	-4.68202
4.77	-0.11497	-0.11498	1	-4.75016
4.78	-0.13481	-0.13483	1	-4.81673
4.79	-0.1546	-0.15461	1	-4.88171
4.8	-0.17433	-0.17434	1	-4.94507
4.81	-0.19398	-0.194	1	-5.00679
4.82	-0.21356	-0.21358	1	-5.06683
4.83	-0.23306	-0.23307	1	-5.12518
4.84	-0.25246	-0.25247	1	-5.18182
4.85	-0.27176	-0.27177	1	-5.23672
4.86	-0.29095	-0.29096	1	-5.28985
4.87	-0.31003	-0.31004	1	-5.3412
4.88	-0.32898	-0.32899	1	-5.39075
4.89	-0.3478	-0.34781	1	-5.43848
4.9	-0.36648	-0.36649	1	-5.48436
4.91	-0.38501	-0.38502	1	-5.52839
4.92	-0.40339	-0.4034	1	-5.57053
4.93	-0.42161	-0.42162	1	-5.61079
4.94	-0.43966	-0.43967	1	-5.64913
4.95	-0.45754	-0.45755	1	-5.68554
4.96	-0.47523	-0.47524	1	-5.72001
4.97	-0.49273	-0.49274	1	-5.75253
4.98	-0.51003	-0.51004	1	-5.78308
4.99	-0.52713	-0.52714	1	-5.81165
5	-0.54402	-0.54403	1	-5.83823
5.01	-0.56069	-0.5607	1	-5.86281
5.02	-0.57714	-0.57715	1	-5.88538
5.03	-0.59336	-0.59336	1	-5.90592
5.04	-0.60934	-0.60934	1	-5.92444
5.05	-0.62507	-0.62508	1	-5.94092
5.06	-0.64056	-0.64056	1	-5.95536
5.07	-0.65579	-0.65579	1	-5.96775
5.08	-0.67075	-0.67076	1	-5.97808
5.09	-0.68545	-0.68545	1	-5.98636
5.1	-0.69987	-0.69988	1	-5.99257
5.11	-0.71402	-0.71402	1	-5.99673
5.12	-0.72788	-0.72788	1	-5.99881
5.13	-0.74145	-0.74145	1	-5.99883
5.14	-0.75472	-0.75472	1	-5.99679
5.15	-0.76769	-0.76769	1	-5.99268
5.16	-0.78035	-0.78035	1	-5.9865
5.17	-0.7927	-0.7927	1	-5.97827
5.18	-0.80473	-0.80473	1	-5.96797
5.19	-0.81644	-0.81644	1	-5.95563
5.2	-0.82783	-0.82782	1	-5.94123
5.21	-0.83888	-0.83888	1	-5.92479
5.22	-0.8496	-0.8496	1	-5.90632
5.23	-0.85998	-0.85997	1	-5.88581
5.24	-0.87001	-0.87001	1	-5.86329
5.25	-0.8797	-0.87969	1	-5.83875
5.26	-0.88903	-0.88903	1	-5.81221
5.27	-0.89801	-0.898	1	-5.78368
5.28	-0.90663	-0.90662	1	-5.75317
5.29	-0.91488	-0.91488	1	-5.72069
5.3	-0.92278	-0.92277	1	-5.68625
5.31	-0.9303	-0.93029	1	-5.64988
5.32	-0.93745	-0.93744	1	-5.61158
5.33	-0.94422	-0.94422	1	-5.57136
5.34	-0.95062	-0.95061	1	-5.52926
5.35	-0.95664	-0.95663	1	-5.48527
5.36	-0.96227	-0.96226	1	-5.43942
5.37	-0.96752	-0.96751	1	-5.39173
5.38	-0.97238	-0.97237	1	-5.34222
5.39	-0.97685	-0.97685	1	-5.2909
5.4	-0.98094	-0.98093	1	-5.2378
5.41	-0.98463	-0.98462	1	-5.18294
5.42	-0.98792	-0.98792	1	-5.12634
5.43	-0.99082	-0.99082	1	-5.06803
5.44	-0.99333	-0.99332	1	-5.00801
5.45	-0.99544	-0.99543	1	-4.94633
5.46	-0.99715	-0.99714	1	-4.88301
5.47	-0.99846	-0.99845	1	-4.81806
5.48	-0.99937	-0.99936	1	-4.75152
5.49	-0.99988	-0.99987	1	-4.68341
5.5	-0.99999	-0.99998	1	-4.61376
5.51	-0.9997	-0.99969	1	-4.5426
5.52	-0.99901	-0.99901	1	-4.46996
5.53	-0.99793	-0.99792	1	-4.39586
5.54	-0.99644	-0.99643	1	-4.32034
5.55	-0.99455	-0.99454	1	-4.24342
5.56	-0.99227	-0.99226	1	-4.16514
5.57	-0.98959	-0.98958	1	-4.08553
5.58	-0.98651	-0.9865	1	-4.00461
5.59	-0.98304	-0.98303	1	-3.92243
5.6	-0.97918	-0.97917	1	-3.83901
5.61	-0.97492	-0.97491	1	-3.75439
5.62	-0.97028	-0.97027	1	-3.6686
5.63	-0.96524	-0.96523	1	-3.58167
5.64	-0.95982	-0.95981	1	-3.49365
5.65	-0.95402	-0.95401	1	-3.40456
5.66	-0.94783	-0.94782	1	-3.31445
5.67	-0.94127	-0.94126	1	-3.22334
5.68	-0.93433	-0.93432	1	-3.13128
5.69	-0.92701	-0.927	1	-3.03829
5.7	-0.91933	-0.91932	1	-2.94443
5.71	-0.91128	-0.91127	1	-2.84972
5.72	-0.90286	-0.90285	1	-2.7542
5.73	-0.89408	-0.89407	1	-2.65792
5.74	-0.88494	-0.88493	1	-2.5609
5.75	-0.87545	-0.87544	1	-2.4632
5.76	-0.86561	-0.8656	1	-2.36484
5.77	-0.85542	-0.85541	1	-2.26587
5.78	-0.8449	-0.84488	1	-2.16633
5.79	-0.83403	-0.83402	1	-2.06625
5.8	-0.82283	-0.82282	1	-1.96568
5.81	-0.8113	-0.81129	1	-1.86466
5.82	-0.79944	-0.79943	1	-1.76323
5.83	-0.78727	-0.78726	1	-1.66142
5.84	-0.77478	-0.77477	1	-1.55928
5.85	-0.76198	-0.76197	1	-1.45685
5.86	-0.74888	-0.74887	1	-1.35418
5.87	-0.73548	-0.73546	1	-1.25129
5.88	-0.72178	-0.72177	1	-1.14824
5.89	-0.70779	-0.70778	1	-1.04506
5.9	-0.69353	-0.69351	1	-0.94179
5.91	-0.67898	-0.67896	1	-0.83849
5.92	-0.66416	-0.66415	1	-0.73518
5.93	-0.64908	-0.64906	1	-0.63191
5.94	-0.63373	-0.63372	1	-0.52872
5.95	-0.61814	-0.61812	1	-0.42565
5.96	-0.60229	-0.60228	1	-0.32275
5.97	-0.58621	-0.58619	1	-0.22005
5.98	-0.56989	-0.56987	1	-0.11759
5.99	-0.55334	-0.55333	1	-0.01542
6	-0.53657	-0.53656	1	0.08642